#Tld ModelExport
409 #width
412 #height
3568.011719 #min_var
11 #Positive Sample Size
64.684448 78.684448 58.684448 142.684448 143.684448 143.684448 79.684448 56.684448 143.684448 143.684448 143.684448 143.684448 143.684448 143.684448 143.684448 
62.684448 70.684448 143.684448 143.684448 143.684448 143.684448 -66.315552 -69.315552 -76.315552 -64.315552 112.684448 143.684448 107.684448 130.684448 143.684448 
61.684448 65.684448 143.684448 143.684448 -71.315552 -89.315552 -91.315552 -99.315552 -94.315552 -94.315552 -97.315552 -77.315552 143.684448 143.684448 143.684448 
62.684448 56.684448 143.684448 -82.315552 -102.315552 -101.315552 -98.315552 -96.315552 -100.315552 -102.315552 -93.315552 -94.315552 -73.315552 143.684448 143.684448 
59.684448 57.684448 143.684448 -99.315552 -58.315552 -40.315552 -45.315552 -50.315552 -54.315552 -96.315552 -101.315552 -97.315552 -85.315552 -88.315552 143.684448 
60.684448 55.684448 143.684448 -101.315552 -8.315552 -7.315552 -20.315552 -30.315552 -28.315552 -37.315552 -100.315552 -102.315552 -97.315552 -83.315552 143.684448 
61.684448 48.684448 143.684448 -58.315552 -26.315552 -53.315552 -103.315552 -95.315552 -81.315552 -27.315552 -54.315552 -106.315552 -98.315552 -98.315552 112.684448 
60.684448 44.684448 120.684448 102.684448 -68.315552 -3.315552 -63.315552 -99.315552 -71.315552 -35.315552 -14.315552 -99.315552 -103.315552 -82.315552 105.684448 
57.684448 45.684448 112.684448 116.684448 -82.315552 -5.315552 -25.315552 -18.315552 -10.315552 -4.315552 -16.315552 -53.315552 -89.315552 -36.315552 98.684448 
60.684448 29.684448 -13.315552 16.684448 -29.315552 -55.315552 -35.315552 -18.315552 -14.315552 -25.315552 -41.315552 -55.315552 -75.315552 -35.315552 79.684448 
60.684448 24.684448 60.684448 59.684448 -21.315552 -60.315552 -35.315552 -30.315552 -38.315552 -59.315552 -49.315552 -57.315552 -45.315552 -105.315552 49.684448 
63.684448 15.684448 46.684448 54.684448 -16.315552 -73.315552 -60.315552 -47.315552 -43.315552 -55.315552 -68.315552 -60.315552 -102.315552 -24.315552 -14.315552 
68.684448 69.684448 76.684448 82.684448 80.684448 -63.315552 -70.315552 -65.315552 -57.315552 -81.315552 -85.315552 -55.315552 -45.315552 99.684448 92.684448 
77.684448 77.684448 77.684448 82.684448 85.684448 -70.315552 -70.315552 -69.315552 -87.315552 -95.315552 -88.315552 -66.315552 -44.315552 65.684448 61.684448 
47.684448 53.684448 50.684448 52.684448 56.684448 -108.315552 -72.315552 -106.315552 -97.315552 -74.315552 -63.315552 -72.315552 -94.315552 -79.315552 -41.315552 
56.888885 52.888885 56.888885 47.888885 82.888885 113.888885 133.888885 133.888885 81.888885 87.888885 75.888885 47.888885 133.888885 133.888885 133.888885 
55.888885 48.888885 56.888885 48.888885 89.888885 83.888885 133.888885 133.888885 133.888885 133.888885 133.888885 133.888885 133.888885 133.888885 133.888885 
56.888885 48.888885 58.888885 47.888885 133.888885 45.888885 -100.111115 -90.111115 -90.111115 -79.111115 -87.111115 2.888885 133.888885 133.888885 133.888885 
52.888885 54.888885 52.888885 44.888885 -26.111115 -91.111115 -106.111115 -108.111115 -100.111115 -105.111115 -106.111115 -100.111115 3.888885 133.888885 133.888885 
52.888885 51.888885 54.888885 16.888885 -103.111115 -112.111115 -113.111115 -109.111115 -99.111115 -87.111115 -87.111115 -102.111115 -95.111115 133.888885 133.888885 
51.888885 50.888885 52.888885 -101.111115 -113.111115 -100.111115 -74.111115 -65.111115 -62.111115 -52.111115 -46.111115 -64.111115 -107.111115 125.888885 133.888885 
50.888885 52.888885 52.888885 -108.111115 -114.111115 -50.111115 -33.111115 -35.111115 -31.111115 -41.111115 -48.111115 -22.111115 -105.111115 -79.111115 133.888885 
49.888885 51.888885 51.888885 -103.111115 -85.111115 -37.111115 -64.111115 -62.111115 -79.111115 -107.111115 -78.111115 -68.111115 -42.111115 -93.111115 107.888885 
50.888885 51.888885 51.888885 -44.111115 -93.111115 -93.111115 -105.111115 -107.111115 -14.111115 -71.111115 -87.111115 -23.111115 -7.111115 -68.111115 98.888885 
46.888885 52.888885 52.888885 34.888885 -83.111115 -48.111115 -96.111115 -46.111115 -12.111115 -37.111115 -22.111115 -25.111115 -13.111115 -36.111115 41.888885 
44.888885 55.888885 55.888885 31.888885 -73.111115 -24.111115 -20.111115 -31.111115 -54.111115 -99.111115 -32.111115 -43.111115 -38.111115 68.888885 25.888885 
43.888885 54.888885 57.888885 35.888885 -2.111115 -43.111115 -45.111115 -38.111115 -74.111115 -59.111115 -55.111115 -40.111115 -56.111115 67.888885 58.888885 
42.888885 56.888885 59.888885 48.888885 68.888885 42.888885 -56.111115 -92.111115 -72.111115 -54.111115 -60.111115 -53.111115 -70.111115 77.888885 76.888885 
43.888885 58.888885 74.888885 82.888885 86.888885 86.888885 -84.111115 -81.111115 -91.111115 -55.111115 -54.111115 -79.111115 -81.111115 6.888885 76.888885 
39.888885 40.888885 43.888885 44.888885 44.888885 43.888885 28.888885 -101.111115 -87.111115 -109.111115 -99.111115 -88.111115 -71.111115 -56.111115 -91.111115 
106.973328 116.973328 116.973328 116.973328 40.973328 0.973328 17.973328 116.973328 116.973328 91.973328 85.973328 100.973328 116.973328 116.973328 51.973328 
70.973328 113.973328 116.973328 116.973328 89.973328 55.973328 11.973328 116.973328 116.973328 116.973328 116.973328 116.973328 116.973328 116.973328 48.973328 
116.973328 116.973328 116.973328 116.973328 116.973328 116.973328 116.973328 114.973328 -76.026672 -96.026672 -105.026672 -88.026672 116.973328 116.973328 47.973328 
116.973328 116.973328 116.973328 116.973328 116.973328 116.973328 -62.026672 -117.026672 -120.026672 -121.026672 -123.026672 -119.026672 -97.026672 -36.026672 46.973328 
116.973328 116.973328 116.973328 116.973328 116.973328 76.973328 -126.026672 -122.026672 -112.026672 -112.026672 -119.026672 -122.026672 -124.026672 -120.026672 -12.026672 
116.973328 116.973328 116.973328 116.973328 116.973328 -111.026672 -124.026672 -42.026672 -51.026672 -68.026672 -75.026672 -85.026672 -96.026672 -124.026672 -98.026672 
116.973328 116.973328 116.973328 116.973328 116.973328 -125.026672 -39.026672 -38.026672 -34.026672 -38.026672 -50.026672 -59.026672 -72.026672 -126.026672 -112.026672 
116.973328 116.973328 116.973328 116.973328 116.973328 -129.026672 -74.026672 -114.026672 -119.026672 -86.026672 -122.026672 -130.026672 -96.026672 -109.026672 -104.026672 
93.973328 95.973328 94.973328 90.973328 90.973328 -70.026672 -33.026672 -96.026672 -67.026672 -27.026672 -100.026672 -132.026672 -108.026672 -101.026672 -100.026672 
-20.026672 84.973328 85.973328 86.973328 84.973328 -60.026672 -24.026672 -27.026672 -30.026672 -27.026672 -58.026672 -64.026672 -42.026672 -85.026672 -55.026672 
38.973328 37.973328 80.973328 75.973328 50.973328 -86.026672 -45.026672 -47.026672 -68.026672 -112.026672 -60.026672 -53.026672 -54.026672 -97.026672 24.973328 
2.973328 11.973328 72.973328 68.973328 28.973328 19.973328 -51.026672 -114.026672 -107.026672 -69.026672 -72.026672 -66.026672 -75.026672 -30.026672 -22.026672 
-9.026672 3.973328 -52.026672 -53.026672 -31.026672 22.973328 -78.026672 -80.026672 -127.026672 -112.026672 -91.026672 -79.026672 -21.026672 52.973328 -47.026672 
59.973328 69.973328 85.973328 95.973328 99.973328 96.973328 -92.026672 -77.026672 -88.026672 -77.026672 -94.026672 -107.026672 87.973328 82.973328 73.973328 
27.973328 30.973328 27.973328 28.973328 -126.026672 -52.026672 -81.026672 -106.026672 -134.026672 -134.026672 -124.026672 -95.026672 27.973328 27.973328 29.973328 
49.542221 60.542221 11.542221 86.542221 128.542221 137.542221 137.542221 103.542221 79.542221 34.542221 137.542221 137.542221 137.542221 137.542221 137.542221 
50.542221 55.542221 26.542221 137.542221 137.542221 137.542221 137.542221 137.542221 137.542221 137.542221 137.542221 137.542221 137.542221 137.542221 34.542221 
52.542221 57.542221 19.542221 137.542221 137.542221 137.542221 136.542221 -91.457779 -94.457779 -98.457779 -70.457779 -79.457779 10.542221 137.542221 137.542221 
50.542221 55.542221 16.542221 137.542221 137.542221 -78.457779 -88.457779 -100.457779 -103.457779 -103.457779 -100.457779 -102.457779 -96.457779 -84.457779 137.542221 
53.542221 54.542221 27.542221 137.542221 -83.457779 -109.457779 -108.457779 -107.457779 -99.457779 -100.457779 -105.457779 -105.457779 -92.457779 -90.457779 40.542221 
50.542221 55.542221 29.542221 137.542221 -104.457779 -62.457779 -45.457779 -54.457779 -58.457779 -61.457779 -65.457779 -110.457779 -104.457779 -102.457779 -91.457779 
53.542221 53.542221 34.542221 137.542221 81.542221 -12.457779 -14.457779 -19.457779 -41.457779 -35.457779 -39.457779 -73.457779 -109.457779 -102.457779 -102.457779 
53.542221 53.542221 33.542221 109.542221 111.542221 -97.457779 -67.457779 -91.457779 -108.457779 -88.457779 -82.457779 -44.457779 -109.457779 -110.457779 -110.457779 
52.542221 54.542221 35.542221 104.542221 103.542221 -77.457779 -73.457779 -42.457779 -79.457779 -66.457779 -45.457779 -22.457779 -48.457779 -111.457779 -60.457779 
53.542221 53.542221 40.542221 -33.457779 -15.457779 -1.457779 -2.457779 -28.457779 -34.457779 -22.457779 -20.457779 -25.457779 -41.457779 -77.457779 -56.457779 
52.542221 53.542221 49.542221 50.542221 52.542221 -12.457779 -84.457779 -96.457779 -35.457779 -41.457779 -42.457779 -56.457779 -60.457779 -52.457779 -56.457779 
55.542221 57.542221 47.542221 42.542221 41.542221 70.542221 -28.457779 -42.457779 -69.457779 -45.457779 -60.457779 -61.457779 -67.457779 -114.457779 8.542221 
55.542221 59.542221 57.542221 26.542221 69.542221 78.542221 -49.457779 -95.457779 -71.457779 -67.457779 -75.457779 -87.457779 -75.457779 -73.457779 75.542221 
64.542221 71.542221 88.542221 103.542221 105.542221 108.542221 -46.457779 -59.457779 -48.457779 -78.457779 -96.457779 -96.457779 -73.457779 -49.457779 94.542221 
42.542221 45.542221 43.542221 42.542221 44.542221 45.542221 46.542221 -110.457779 -111.457779 -115.457779 -100.457779 -79.457779 -64.457779 -54.457779 -44.457779 
38.582230 55.582230 76.582230 125.582230 125.582230 77.582230 46.582230 125.582230 125.582230 125.582230 90.582230 92.582230 99.582230 125.582230 125.582230 
39.582230 89.582230 74.582230 125.582230 125.582230 124.582230 124.582230 125.582230 125.582230 -59.417770 -73.417770 -25.417770 125.582230 125.582230 125.582230 
41.582230 125.582230 125.582230 125.582230 125.582230 125.582230 125.582230 4.582230 -97.417770 -103.417770 -104.417770 -103.417770 -101.417770 -86.417770 125.582230 
42.582230 125.582230 125.582230 125.582230 125.582230 125.582230 13.582230 -108.417770 -117.417770 -120.417770 -119.417770 -111.417770 -114.417770 -115.417770 -89.417770 
38.582230 125.582230 125.582230 125.582230 125.582230 125.582230 -115.417770 -120.417770 -106.417770 -105.417770 -106.417770 -105.417770 -109.417770 -114.417770 -110.417770 
42.582230 125.582230 125.582230 125.582230 125.582230 94.582230 -117.417770 -79.417770 -53.417770 -60.417770 -64.417770 -66.417770 -70.417770 -79.417770 -119.417770 
38.582230 125.582230 125.582230 125.582230 125.582230 73.582230 -114.417770 -38.417770 -44.417770 -38.417770 -43.417770 -54.417770 -58.417770 -56.417770 -101.417770 
41.582230 124.582230 125.582230 122.582230 113.582230 78.582230 -110.417770 -91.417770 -119.417770 -105.417770 -92.417770 -121.417770 -114.417770 -101.417770 -69.417770 
38.582230 89.582230 92.582230 92.582230 94.582230 91.582230 -64.417770 -56.417770 -92.417770 -77.417770 -28.417770 -89.417770 -98.417770 -77.417770 -38.417770 
38.582230 -26.417770 84.582230 84.582230 88.582230 84.582230 -39.417770 -26.417770 -28.417770 -30.417770 -31.417770 -54.417770 -36.417770 -34.417770 -33.417770 
33.582230 37.582230 38.582230 75.582230 75.582230 55.582230 -25.417770 -39.417770 -52.417770 -100.417770 -98.417770 -61.417770 -48.417770 -50.417770 -60.417770 
37.582230 7.582230 0.582230 68.582230 67.582230 27.582230 11.582230 -61.417770 -79.417770 -52.417770 -65.417770 -70.417770 -63.417770 -72.417770 -21.417770 
15.582230 -31.417770 -18.417770 -44.417770 -45.417770 -49.417770 -51.417770 -76.417770 -78.417770 -95.417770 -91.417770 -89.417770 -83.417770 -88.417770 -75.417770 
56.582230 57.582230 59.582230 60.582230 63.582230 64.582230 65.582230 27.582230 -78.417770 -55.417770 -67.417770 -67.417770 -91.417770 -100.417770 41.582230 
34.582230 31.582230 29.582230 33.582230 35.582230 31.582230 -90.417770 -59.417770 -87.417770 -117.417770 -119.417770 -115.417770 -101.417770 -88.417770 -75.417770 
110.155556 120.155556 130.155548 130.155548 28.155556 55.155556 115.155556 67.155556 130.155548 130.155548 45.155556 49.155556 74.155556 19.155556 130.155548 
90.155556 110.155556 130.155548 130.155548 21.155556 61.155556 33.155556 30.155556 130.155548 130.155548 128.155548 9.155556 -2.844444 18.155556 130.155548 
125.155556 130.155548 130.155548 130.155548 130.155548 56.155556 130.155548 130.155548 130.155548 -77.844444 -83.844444 -89.844444 -76.844444 127.155556 130.155548 
2.155556 130.155548 130.155548 130.155548 130.155548 57.155556 130.155548 -73.844444 -103.844444 -101.844444 -103.844444 -108.844444 -99.844444 -96.844444 -42.844444 
130.155548 130.155548 130.155548 130.155548 130.155548 54.155556 -77.844444 -103.844444 -116.844444 -114.844444 -116.844444 -115.844444 -115.844444 -110.844444 -104.844444 
130.155548 130.155548 130.155548 130.155548 130.155548 -76.844444 -105.844444 -116.844444 -69.844444 -52.844444 -76.844444 -92.844444 -102.844444 -111.844444 -114.844444 
130.155548 130.155548 130.155548 130.155548 130.155548 -96.844444 -112.844444 -29.844444 -30.844444 -30.844444 -47.844444 -57.844444 -68.844444 -85.844444 -110.844444 
130.155548 130.155548 130.155548 130.155548 130.155548 -109.844444 -28.844444 -87.844444 -102.844444 -45.844444 -33.844444 -39.844444 -50.844444 -64.844444 -70.844444 
121.155556 102.155556 99.155556 99.155556 -58.844444 -99.844444 -16.844444 -108.844444 -117.844444 -97.844444 -77.844444 -85.844444 -89.844444 -58.844444 -61.844444 
99.155556 97.155556 97.155556 93.155556 -28.844444 -9.844444 -5.844444 -31.844444 -67.844444 -53.844444 -18.844444 -112.844444 -105.844444 -105.844444 -64.844444 
90.155556 93.155556 89.155556 87.155556 -38.844444 -28.844444 -25.844444 -19.844444 -46.844444 -14.844444 -38.844444 -65.844444 -96.844444 -108.844444 -76.844444 
63.155556 62.155556 84.155556 79.155556 73.155556 -41.844444 -37.844444 -51.844444 -63.844444 -69.844444 -48.844444 -46.844444 -37.844444 -34.844444 -109.844444 
36.155556 35.155556 76.155556 78.155556 78.155556 -47.844444 -38.844444 -104.844444 -40.844444 -81.844444 -72.844444 -59.844444 -49.844444 -48.844444 11.155556 
-20.844444 -55.844444 -60.844444 -86.844444 -36.844444 -74.844444 -61.844444 -53.844444 -63.844444 -117.844444 -100.844444 -71.844444 -78.844444 -49.844444 -43.844444 
-71.844444 -84.844444 -64.844444 -54.844444 -52.844444 -83.844444 -52.844444 -40.844444 -103.844444 -98.844444 -82.844444 -76.844444 41.155556 81.155556 79.155556 
110.844452 118.844452 118.844452 37.844452 44.844452 113.844452 5.844452 118.844452 118.844452 -12.155548 -14.155548 53.844452 118.844452 26.844452 108.844452 
91.844452 118.844452 118.844452 34.844452 45.844452 65.844452 12.844452 118.844452 118.844452 117.844452 -9.155548 -13.155548 118.844452 118.844452 107.844452 
92.844452 118.844452 118.844452 118.844452 48.844452 118.844452 118.844452 118.844452 118.844452 118.844452 118.844452 100.844452 116.844452 118.844452 99.844452 
118.844452 118.844452 118.844452 118.844452 44.844452 118.844452 118.844452 118.844452 33.844452 -92.155548 -108.155548 -95.155548 -114.155548 -118.155548 -106.155548 
118.844452 118.844452 118.844452 118.844452 45.844452 116.844452 118.844452 -89.155548 -116.155548 -122.155548 -128.155548 -128.155548 -126.155548 -119.155548 -123.155548 
118.844452 118.844452 118.844452 118.844452 42.844452 117.844452 -56.155548 -111.155548 -126.155548 -104.155548 -85.155548 -110.155548 -119.155548 -130.155548 -128.155548 
118.844452 118.844452 118.844452 118.844452 42.844452 116.844452 -111.155548 -126.155548 -46.155548 -41.155548 -50.155548 -74.155548 -82.155548 -103.155548 -116.155548 
118.844452 118.844452 118.844452 118.844452 41.844452 78.844452 -127.155548 -36.155548 -90.155548 -47.155548 -33.155548 -52.155548 -61.155548 -71.155548 -93.155548 
88.844452 86.844452 87.844452 78.844452 42.844452 -31.155548 -30.155548 -58.155548 -61.155548 -119.155548 -105.155548 -63.155548 -57.155548 -69.155548 -75.155548 
81.844452 82.844452 80.844452 77.844452 41.844452 -72.155548 -14.155548 -19.155548 -100.155548 -109.155548 -65.155548 -80.155548 -126.155548 -130.155548 -96.155548 
68.844452 77.844452 76.844452 70.844452 40.844452 -55.155548 -29.155548 -25.155548 -33.155548 -39.155548 -26.155548 -73.155548 -118.155548 -132.155548 -111.155548 
56.844452 66.844452 67.844452 66.844452 43.844452 -61.155548 -58.155548 -61.155548 -64.155548 -68.155548 -35.155548 -80.155548 -61.155548 -88.155548 -66.155548 
43.844452 65.844452 64.844452 60.844452 44.844452 -76.155548 -47.155548 -97.155548 -48.155548 -100.155548 -117.155548 -84.155548 -55.155548 -60.155548 -59.155548 
19.844452 48.844452 -87.155548 58.844452 -118.155548 -86.155548 -51.155548 -64.155548 -46.155548 -103.155548 -81.155548 -73.155548 -84.155548 -71.155548 -8.155548 
-89.155548 -99.155548 -90.155548 -54.155548 -58.155548 -81.155548 -91.155548 -48.155548 -83.155548 -117.155548 -92.155548 -79.155548 -96.155548 84.844452 82.844452 
19.857773 116.857773 116.857773 36.857773 76.857773 113.857773 116.857773 116.857773 42.857773 31.857773 -15.142227 -11.142227 116.857773 101.857773 104.857773 
76.857773 116.857773 116.857773 47.857773 98.857773 90.857773 116.857773 116.857773 3.857773 115.857773 -18.142227 -14.142227 116.857773 102.857773 105.857773 
22.857773 116.857773 116.857773 45.857773 101.857773 116.857773 116.857773 116.857773 116.857773 116.857773 116.857773 116.857773 116.857773 98.857773 24.857773 
116.857773 116.857773 116.857773 42.857773 91.857773 116.857773 116.857773 116.857773 116.857773 105.857773 -55.142227 -101.142227 -95.142227 -94.142227 -35.142227 
116.857773 116.857773 116.857773 -14.142227 45.857773 116.857773 116.857773 116.857773 -62.142227 -113.142227 -114.142227 -130.142227 -118.142227 -118.142227 -116.142227 
116.857773 116.857773 116.857773 8.857773 37.857773 110.857773 116.857773 -76.142227 -115.142227 -131.142227 -124.142227 -114.142227 -130.142227 -132.142227 -125.142227 
116.857773 116.857773 116.857773 96.857773 34.857773 105.857773 111.857773 -111.142227 -129.142227 -49.142227 -45.142227 -60.142227 -83.142227 -112.142227 -126.142227 
116.857773 116.857773 116.857773 109.857773 40.857773 100.857773 -34.142227 -129.142227 -30.142227 -51.142227 -38.142227 -42.142227 -60.142227 -77.142227 -90.142227 
84.857773 84.857773 82.857773 82.857773 36.857773 75.857773 -75.142227 -18.142227 -91.142227 -95.142227 -130.142227 -63.142227 -47.142227 -53.142227 -76.142227 
78.857773 78.857773 76.857773 71.857773 42.857773 65.857773 -59.142227 -11.142227 -50.142227 -106.142227 -112.142227 -66.142227 -108.142227 -119.142227 -77.142227 
32.857773 93.857773 82.857773 -25.142227 37.857773 -17.142227 -46.142227 -29.142227 -22.142227 -38.142227 -30.142227 -40.142227 -118.142227 -116.142227 -113.142227 
54.857773 68.857773 66.857773 -25.142227 41.857773 -19.142227 -47.142227 -42.142227 -81.142227 -84.142227 -24.142227 -63.142227 -69.142227 -112.142227 -119.142227 
47.857773 58.857773 59.857773 -16.142227 41.857773 -28.142227 -67.142227 -63.142227 -56.142227 -71.142227 -117.142227 -111.142227 -58.142227 -62.142227 -58.142227 
-65.142227 -58.142227 -63.142227 -125.142227 -43.142227 -58.142227 -88.142227 -72.142227 -42.142227 -126.142227 -101.142227 -77.142227 -83.142227 -78.142227 -98.142227 
-94.142227 -110.142227 -117.142227 -61.142227 -64.142227 -71.142227 -107.142227 -52.142227 -101.142227 -99.142227 -108.142227 -84.142227 -107.142227 31.857773 27.857773 
47.044441 129.044434 129.044434 67.044441 54.044441 126.044441 129.044434 129.044434 129.044434 39.044441 -8.955559 18.044441 129.044434 119.044441 117.044441 
81.044441 129.044434 129.044434 53.044441 57.044441 108.044441 110.044441 129.044434 129.044434 95.044441 -7.955559 -2.955559 129.044434 129.044434 118.044441 
24.044441 129.044434 129.044434 129.044434 55.044441 129.044434 129.044434 99.044441 -65.955559 -80.955559 -78.955559 106.044441 129.044434 128.044434 114.044441 
129.044434 129.044434 129.044434 129.044434 55.044441 129.044434 -80.955559 -95.955559 -102.955559 -99.955559 -102.955559 -102.955559 -91.955559 111.044441 98.044441 
129.044434 129.044434 129.044434 129.044434 46.044441 -99.955559 -116.955559 -118.955559 -116.955559 -117.955559 -117.955559 -107.955559 -108.955559 -103.955559 87.044441 
129.044434 129.044434 129.044434 129.044434 -85.955559 -117.955559 -94.955559 -57.955559 -69.955559 -91.955559 -103.955559 -109.955559 -116.955559 -110.955559 -40.955559 
129.044434 129.044434 129.044434 129.044434 -108.955559 -50.955559 -35.955559 -26.955559 -49.955559 -55.955559 -71.955559 -86.955559 -99.955559 -117.955559 -41.955559 
129.044434 129.044434 129.044434 66.044441 -101.955559 -74.955559 -109.955559 -71.955559 -38.955559 -37.955559 -52.955559 -63.955559 -77.955559 -120.955559 -65.955559 
97.044441 96.044441 97.044441 -24.955559 -14.955559 -54.955559 -113.955559 -109.955559 -78.955559 -98.955559 -114.955559 -86.955559 -58.955559 -121.955559 9.044441 
93.044441 93.044441 93.044441 -31.955559 -8.955559 -13.955559 -30.955559 -21.955559 -25.955559 -101.955559 -116.955559 -107.955559 -91.955559 -115.955559 36.044441 
-6.955559 86.044441 82.044441 64.044441 -38.955559 -35.955559 -41.955559 -10.955559 -36.955559 -53.955559 -68.955559 -55.955559 -71.955559 -64.955559 35.044441 
65.044441 75.044441 78.044441 36.044441 -47.955559 -46.955559 -40.955559 -87.955559 -103.955559 -60.955559 -46.955559 -47.955559 -77.955559 40.044441 33.044441 
58.044441 60.044441 74.044441 -4.955559 -63.955559 -81.955559 -107.955559 -68.955559 -68.955559 -63.955559 -79.955559 -58.955559 -0.955559 8.044441 -22.955559 
73.044441 -58.955559 63.044441 -53.955559 -83.955559 -68.955559 -111.955559 -88.955559 -90.955559 -75.955559 -77.955559 60.044441 78.044441 76.044441 85.044441 
-88.955559 -89.955559 -53.955559 -54.955559 -83.955559 -82.955559 -86.955559 -74.955559 -82.955559 -98.955559 59.044441 58.044441 59.044441 55.044441 52.044441 
80.124443 82.124443 81.124443 79.124443 70.124443 65.124443 68.124443 67.124443 66.124443 66.124443 65.124443 71.124443 72.124443 68.124443 64.124443 
85.124443 81.124443 81.124443 79.124443 67.124443 -44.875557 -69.875557 -62.875557 44.124443 58.124443 50.124443 71.124443 70.124443 67.124443 63.124443 
80.124443 82.124443 80.124443 75.124443 -70.875557 -74.875557 -79.875557 -78.875557 -78.875557 -76.875557 -44.875557 62.124443 69.124443 67.124443 66.124443 
80.124443 80.124443 66.124443 -70.875557 -82.875557 -83.875557 -81.875557 -80.875557 -79.875557 -79.875557 -73.875557 -56.875557 61.124443 68.124443 64.124443 
79.124443 73.124443 -72.875557 -84.875557 -79.875557 -73.875557 -62.875557 -53.875557 -49.875557 -50.875557 -80.875557 -67.875557 50.124443 66.124443 64.124443 
80.124443 54.124443 -81.875557 -77.875557 -52.875557 -44.875557 -33.875557 -29.875557 -24.875557 -21.875557 -16.875557 -78.875557 -63.875557 66.124443 62.124443 
79.124443 71.124443 -84.875557 -62.875557 -19.875557 -16.875557 -19.875557 -39.875557 -80.875557 -73.875557 -46.875557 -79.875557 -75.875557 65.124443 60.124443 
77.124443 77.124443 -83.875557 -22.875557 -70.875557 -73.875557 -52.875557 -61.875557 -73.875557 -78.875557 -38.875557 9.124443 -76.875557 66.124443 62.124443 
78.124443 79.124443 -82.875557 -62.875557 -66.875557 -78.875557 -20.875557 -11.875557 -29.875557 -31.875557 -5.875557 15.124443 -62.875557 60.124443 63.124443 
75.124443 73.124443 41.124443 -16.875557 -43.875557 -42.875557 4.124443 -1.875557 -42.875557 -7.875557 -10.875557 -8.875557 -32.875557 63.124443 62.124443 
74.124443 74.124443 74.124443 -50.875557 -20.875557 -16.875557 -76.875557 -66.875557 -40.875557 -21.875557 -20.875557 -23.875557 -54.875557 62.124443 61.124443 
74.124443 74.124443 72.124443 -28.875557 -32.875557 -35.875557 -29.875557 -52.875557 -33.875557 -71.875557 -25.875557 -34.875557 9.124443 58.124443 59.124443 
72.124443 72.124443 72.124443 68.124443 -43.875557 -36.875557 -53.875557 -45.875557 -66.875557 -56.875557 -36.875557 -51.875557 -21.875557 62.124443 62.124443 
70.124443 72.124443 71.124443 70.124443 59.124443 -61.875557 -59.875557 -30.875557 -36.875557 -37.875557 -58.875557 -75.875557 -40.875557 60.124443 61.124443 
67.124443 67.124443 69.124443 68.124443 56.124443 56.124443 -62.875557 -67.875557 -76.875557 -74.875557 -83.875557 -60.875557 -39.875557 -41.875557 -62.875557 
77.742226 60.742226 60.742226 61.742226 60.742226 58.742226 8.742226 13.742226 61.742226 61.742226 61.742226 65.742226 161.742218 161.742218 161.742218 
74.742226 60.742226 59.742226 59.742226 -67.257774 -72.257774 -76.257774 -65.257774 -78.257774 -61.257774 -47.257774 60.742226 161.742218 161.742218 161.742218 
74.742226 58.742226 61.742226 -77.257774 -71.257774 -86.257774 -87.257774 -89.257774 -80.257774 -78.257774 -79.257774 -65.257774 161.742218 161.742218 161.742218 
73.742226 61.742226 52.742226 -78.257774 -91.257774 -91.257774 -88.257774 -86.257774 -81.257774 -77.257774 -83.257774 -79.257774 -34.257774 161.742218 161.742218 
73.742226 59.742226 -73.257774 -91.257774 -81.257774 -72.257774 -65.257774 -61.257774 -61.257774 -58.257774 -55.257774 -85.257774 -65.257774 161.742218 161.742218 
73.742226 60.742226 -83.257774 -93.257774 -59.257774 -43.257774 -42.257774 -45.257774 -42.257774 -40.257774 -35.257774 -75.257774 -77.257774 64.742226 66.742226 
72.742226 56.742226 -90.257774 -67.257774 -26.257774 -44.257774 -34.257774 -41.257774 -59.257774 -86.257774 -72.257774 -15.257774 -85.257774 61.742226 43.742226 
71.742226 60.742226 -87.257774 -45.257774 -77.257774 -83.257774 -85.257774 -58.257774 -79.257774 -86.257774 -45.257774 -9.257774 -85.257774 136.742218 87.742226 
71.742226 58.742226 -79.257774 -10.257774 -78.257774 -89.257774 -69.257774 -14.257774 -43.257774 -68.257774 -39.257774 -5.257774 -60.257774 146.742218 161.742218 
70.742226 53.742226 -31.257774 5.742226 -19.257774 -20.257774 -57.257774 -3.257774 -24.257774 -26.257774 -22.257774 -18.257774 -45.257774 160.742218 161.742218 
70.742226 53.742226 55.742226 -50.257774 -26.257774 -33.257774 -58.257774 -66.257774 -72.257774 -41.257774 -34.257774 -31.257774 23.742226 157.742218 158.742218 
67.742226 51.742226 58.742226 49.742226 -54.257774 -45.257774 -47.257774 -68.257774 -55.257774 -58.257774 -37.257774 -39.257774 56.742226 150.742218 155.742218 
62.742226 54.742226 53.742226 53.742226 -51.257774 -54.257774 -62.257774 -40.257774 -49.257774 -59.257774 -51.257774 -52.257774 51.742226 52.742226 145.742218 
64.742226 51.742226 52.742226 51.742226 55.742226 -69.257774 -67.257774 -61.257774 -53.257774 -59.257774 -74.257774 -53.257774 49.742226 43.742226 143.742218 
60.742226 50.742226 51.742226 51.742226 53.742226 -53.257774 -69.257774 -71.257774 -78.257774 -80.257774 -78.257774 -59.257774 -50.257774 -55.257774 130.742218 
13 #Negative Sample Size
-101.102219 -98.102219 -46.102219 49.897781 57.897781 59.897781 59.897781 63.897781 67.897781 67.897781 65.897781 68.897781 67.897781 73.897781 67.897781 
-73.102219 6.897781 39.897781 43.897781 63.897781 57.897781 63.897781 70.897781 64.897781 69.897781 69.897781 69.897781 70.897781 71.897781 72.897781 
13.897781 -69.102219 39.897781 55.897781 63.897781 67.897781 60.897781 67.897781 61.897781 69.897781 66.897781 65.897781 70.897781 68.897781 70.897781 
77.897781 83.897781 77.897781 85.897781 85.897781 79.897781 83.897781 74.897781 77.897781 76.897781 75.897781 74.897781 69.897781 63.897781 64.897781 
36.897781 39.897781 32.897781 30.897781 36.897781 31.897781 36.897781 45.897781 37.897781 31.897781 38.897781 33.897781 38.897781 34.897781 28.897781 
26.897781 26.897781 25.897781 29.897781 24.897781 28.897781 28.897781 29.897781 28.897781 28.897781 27.897781 27.897781 30.897781 31.897781 28.897781 
26.897781 26.897781 25.897781 29.897781 27.897781 29.897781 27.897781 25.897781 30.897781 31.897781 29.897781 28.897781 30.897781 33.897781 29.897781 
-59.102219 -60.102219 -52.102219 -46.102219 29.897781 32.897781 32.897781 30.897781 31.897781 27.897781 28.897781 32.897781 29.897781 29.897781 30.897781 
-85.102219 -78.102219 -78.102219 -62.102219 -58.102219 1.897781 59.897781 64.897781 60.897781 63.897781 49.897781 57.897781 52.897781 38.897781 52.897781 
-94.102219 -92.102219 -89.102219 -80.102219 -90.102219 -84.102219 -70.102219 23.897781 26.897781 28.897781 27.897781 25.897781 31.897781 30.897781 22.897781 
-100.102219 -99.102219 -107.102219 -96.102219 -97.102219 -90.102219 -89.102219 -76.102219 22.897781 24.897781 21.897781 22.897781 20.897781 24.897781 29.897781 
-103.102219 -99.102219 -104.102219 -102.102219 -102.102219 -99.102219 -102.102219 -85.102219 -73.102219 18.897781 19.897781 22.897781 20.897781 20.897781 20.897781 
-112.102219 -112.102219 -114.102219 -103.102219 -113.102219 -101.102219 -103.102219 -91.102219 -90.102219 -78.102219 29.897781 24.897781 21.897781 25.897781 25.897781 
-116.102219 -106.102219 -114.102219 -98.102219 -111.102219 -105.102219 -110.102219 -100.102219 -110.102219 -83.102219 -76.102219 9.897781 22.897781 24.897781 25.897781 
-108.102219 -109.102219 -122.102219 -104.102219 -116.102219 -111.102219 -114.102219 -115.102219 -105.102219 -93.102219 -93.102219 -99.102219 6.897781 20.897781 22.897781 
122.559998 122.559998 122.559998 49.559998 -110.440002 -115.440002 -121.440002 -124.440002 -87.440002 -60.440002 -50.440002 -48.440002 -49.440002 -50.440002 -49.440002 
122.559998 122.559998 122.559998 63.559998 -112.440002 -119.440002 -122.440002 -122.440002 -55.440002 -48.440002 -37.440002 -38.440002 -40.440002 -39.440002 -42.440002 
122.559998 122.559998 122.559998 83.559998 -111.440002 -122.440002 -122.440002 -122.440002 -39.440002 -33.440002 -30.440002 -30.440002 -33.440002 -34.440002 -31.440002 
122.559998 122.559998 122.559998 120.559998 -117.440002 -120.440002 -122.440002 -109.440002 -30.440002 -27.440002 -32.440002 -27.440002 -29.440002 -28.440002 -29.440002 
122.559998 122.559998 122.559998 122.559998 -88.440002 -117.440002 -121.440002 -87.440002 -24.440002 -18.440002 -18.440002 -21.440002 -25.440002 -28.440002 -26.440002 
122.559998 122.559998 122.559998 122.559998 34.559998 -101.440002 -124.440002 -48.440002 -17.440002 -15.440002 -14.440002 -16.440002 -20.440002 -19.440002 -20.440002 
122.559998 122.559998 122.559998 122.559998 112.559998 -39.440002 -120.440002 -31.440002 -23.440002 -18.440002 -12.440002 -20.440002 -21.440002 -25.440002 -26.440002 
122.559998 122.559998 122.559998 122.559998 122.559998 122.559998 -111.440002 -22.440002 -30.440002 -31.440002 -29.440002 -33.440002 -40.440002 -46.440002 -47.440002 
122.559998 122.559998 122.559998 122.559998 122.559998 122.559998 -52.440002 -33.440002 -61.440002 -64.440002 -61.440002 -60.440002 -57.440002 -63.440002 -72.440002 
122.559998 122.559998 122.559998 122.559998 122.559998 122.559998 106.559998 -75.440002 -99.440002 -107.440002 -93.440002 -83.440002 -82.440002 -73.440002 -84.440002 
122.559998 122.559998 122.559998 122.559998 122.559998 122.559998 39.559998 -91.440002 -115.440002 -119.440002 -124.440002 -109.440002 -89.440002 -82.440002 -78.440002 
103.559998 97.559998 103.559998 101.559998 99.559998 102.559998 -34.440002 -81.440002 -96.440002 -110.440002 -119.440002 -122.440002 -113.440002 -69.440002 -46.440002 
99.559998 98.559998 100.559998 100.559998 102.559998 100.559998 67.559998 -64.440002 -102.440002 -64.440002 -90.440002 -101.440002 -112.440002 -66.440002 -21.440002 
96.559998 97.559998 97.559998 97.559998 96.559998 100.559998 98.559998 68.559998 -99.440002 -117.440002 -125.440002 -108.440002 -108.440002 -13.440002 -15.440002 
96.559998 97.559998 98.559998 96.559998 97.559998 99.559998 87.559998 58.559998 -78.440002 -88.440002 -122.440002 -82.440002 -65.440002 -16.440002 -19.440002 
100.448891 199.448883 205.448883 205.448883 189.448883 202.448883 205.448883 205.448883 205.448883 205.448883 205.448883 205.448883 205.448883 205.448883 205.448883 
-3.551109 15.448891 15.448891 7.448891 -4.551109 93.448891 45.448891 50.448891 118.448891 198.448883 205.448883 205.448883 205.448883 205.448883 205.448883 
-3.551109 -0.551109 -3.551109 -1.551109 8.448891 13.448891 -0.551109 1.448891 -16.551109 -8.551109 -2.551109 75.448891 197.448883 205.448883 205.448883 
-19.551109 -19.551109 -19.551109 -12.551109 -13.551109 -13.551109 -6.551109 -2.551109 -2.551109 -1.551109 -11.551109 -18.551109 -8.551109 14.448891 150.448883 
-13.551109 -12.551109 -15.551109 -10.551109 -14.551109 -13.551109 -18.551109 -25.551109 -15.551109 -19.551109 -13.551109 -9.551109 -11.551109 -7.551109 -5.551109 
-11.551109 -4.551109 -5.551109 -20.551109 -27.551109 -31.551109 -27.551109 -26.551109 -27.551109 -25.551109 -17.551109 -17.551109 -11.551109 -3.551109 -10.551109 
-34.551109 -32.551109 -34.551109 -37.551109 -29.551109 -32.551109 -39.551109 -41.551109 -40.551109 -34.551109 -27.551109 -32.551109 -25.551109 -25.551109 -12.551109 
-31.551109 -34.551109 -36.551109 -36.551109 -35.551109 -29.551109 -27.551109 -19.551109 -13.551109 -23.551109 -38.551109 -36.551109 -26.551109 -34.551109 -38.551109 
-38.551109 -39.551109 -40.551109 -35.551109 -36.551109 -28.551109 -22.551109 -33.551109 -34.551109 -37.551109 -38.551109 -41.551109 -39.551109 -37.551109 -39.551109 
-38.551109 -36.551109 -36.551109 -32.551109 -34.551109 -35.551109 -36.551109 -34.551109 -40.551109 -39.551109 -39.551109 -39.551109 -37.551109 -37.551109 -41.551109 
-37.551109 -29.551109 -33.551109 -36.551109 -39.551109 -40.551109 -42.551109 -40.551109 -38.551109 -38.551109 -34.551109 -35.551109 -34.551109 -38.551109 -38.551109 
-41.551109 -39.551109 -40.551109 -37.551109 -40.551109 -38.551109 -38.551109 -39.551109 -35.551109 -35.551109 -36.551109 -34.551109 -28.551109 -35.551109 -35.551109 
-38.551109 -40.551109 -38.551109 -39.551109 -39.551109 -39.551109 -36.551109 -37.551109 -34.551109 -35.551109 -35.551109 -38.551109 -25.551109 -27.551109 -32.551109 
-33.551109 -33.551109 -34.551109 -37.551109 -37.551109 -36.551109 -37.551109 -36.551109 -34.551109 -30.551109 -31.551109 -37.551109 -30.551109 -28.551109 -30.551109 
-28.551109 -33.551109 -32.551109 -35.551109 -35.551109 -34.551109 -37.551109 -35.551109 -34.551109 -30.551109 -32.551109 -32.551109 -31.551109 -33.551109 -35.551109 
-35.573334 -31.573334 -31.573334 -35.573334 -34.573334 -32.573334 -30.573334 -30.573334 -25.573334 -32.573334 -5.573334 125.426666 202.426666 204.426666 204.426666 
-38.573334 -33.573334 -36.573334 -35.573334 -38.573334 -35.573334 -24.573334 -28.573334 -25.573334 -32.573334 -33.573334 12.426666 183.426666 204.426666 204.426666 
-40.573334 -36.573334 -39.573334 -37.573334 -35.573334 -39.573334 -40.573334 -31.573334 -21.573334 -30.573334 -24.573334 5.426666 108.426666 204.426666 204.426666 
-41.573334 -40.573334 -41.573334 -40.573334 -37.573334 -35.573334 -37.573334 -33.573334 -33.573334 -31.573334 -29.573334 -7.573334 16.426666 204.426666 196.426666 
-40.573334 -42.573334 -39.573334 -41.573334 -38.573334 -42.573334 -33.573334 -36.573334 -31.573334 -28.573334 -29.573334 -16.573334 144.426666 204.426666 202.426666 
-40.573334 -42.573334 -41.573334 -40.573334 -36.573334 -38.573334 -32.573334 -34.573334 -31.573334 -31.573334 -25.573334 -30.573334 38.426666 169.426666 204.426666 
-38.573334 -43.573334 -42.573334 -38.573334 -40.573334 -37.573334 -35.573334 -35.573334 -35.573334 -35.573334 -31.573334 -32.573334 -12.573334 164.426666 204.426666 
-31.573334 -40.573334 -44.573334 -42.573334 -42.573334 -39.573334 -36.573334 -39.573334 -37.573334 -38.573334 -37.573334 -29.573334 23.426666 183.426666 204.426666 
-17.573334 -33.573334 -41.573334 -44.573334 -44.573334 -39.573334 -42.573334 -40.573334 -38.573334 -43.573334 -39.573334 -28.573334 -18.573334 120.426666 191.426666 
6.426666 -28.573334 -42.573334 -44.573334 -43.573334 -41.573334 -42.573334 -39.573334 -40.573334 -43.573334 -45.573334 -34.573334 -15.573334 23.426666 170.426666 
25.426666 -6.573334 -37.573334 -44.573334 -46.573334 -40.573334 -43.573334 -42.573334 -39.573334 -41.573334 -42.573334 -40.573334 -27.573334 48.426666 173.426666 
38.426666 23.426666 -21.573334 -44.573334 -46.573334 -43.573334 -43.573334 -42.573334 -38.573334 -39.573334 -4.573334 -25.573334 -26.573334 17.426666 165.426666 
42.426666 33.426666 10.426666 -40.573334 -45.573334 -46.573334 -43.573334 -41.573334 -39.573334 -32.573334 -27.573334 -28.573334 15.426666 -0.573334 163.426666 
51.426666 45.426666 21.426666 -28.573334 -40.573334 -41.573334 -43.573334 -41.573334 -32.573334 -21.573334 -3.573334 -17.573334 -20.573334 -4.573334 155.426666 
48.426666 40.426666 23.426666 -26.573334 -38.573334 -41.573334 -42.573334 -28.573334 -21.573334 -11.573334 5.426666 8.426666 -8.573334 21.426666 163.426666 
57.346664 57.346664 57.346664 51.346664 50.346664 55.346664 58.346664 40.346664 42.346664 39.346664 41.346664 40.346664 41.346664 41.346664 -28.653336 
54.346664 52.346664 54.346664 49.346664 51.346664 52.346664 54.346664 44.346664 39.346664 38.346664 35.346664 39.346664 40.346664 42.346664 -43.653336 
53.346664 53.346664 50.346664 53.346664 50.346664 51.346664 50.346664 47.346664 40.346664 36.346664 32.346664 32.346664 37.346664 44.346664 -24.653336 
-23.653336 -31.653336 -29.653336 -40.653336 -39.653336 -59.653336 -69.653336 -74.653336 -92.653336 -54.653336 32.346664 33.346664 36.346664 29.346664 -48.653336 
-93.653336 -91.653336 -89.653336 -89.653336 -90.653336 -88.653336 -85.653336 -86.653336 -83.653336 -89.653336 -85.653336 -27.653336 31.346664 41.346664 -50.653336 
-91.653336 -101.653336 -105.653336 -105.653336 -108.653336 -107.653336 -111.653336 -107.653336 -96.653336 -96.653336 -98.653336 -69.653336 -68.653336 -33.653336 15.346664 
37.346664 55.346664 47.346664 53.346664 48.346664 32.346664 -21.653336 -75.653336 -93.653336 -113.653336 -119.653336 -83.653336 -87.653336 -106.653336 -87.653336 
45.346664 45.346664 30.346664 40.346664 37.346664 27.346664 -78.653336 -113.653336 -108.653336 -90.653336 -108.653336 -88.653336 -94.653336 -78.653336 6.346664 
37.346664 31.346664 24.346664 24.346664 12.346664 -8.653336 -97.653336 -121.653336 -115.653336 -126.653336 -96.653336 -68.653336 -84.653336 -42.653336 -1.653336 
42.346664 40.346664 37.346664 35.346664 26.346664 26.346664 21.346664 -10.653336 -14.653336 -90.653336 -110.653336 -82.653336 -54.653336 -64.653336 42.346664 
41.346664 41.346664 39.346664 34.346664 26.346664 27.346664 -93.653336 -98.653336 -81.653336 3.346664 1.346664 14.346664 -99.653336 -71.653336 -85.653336 
40.346664 39.346664 39.346664 35.346664 33.346664 28.346664 -6.653336 -6.653336 -107.653336 30.346664 38.346664 6.346664 -6.653336 16.346664 -0.653336 
95.346664 94.346664 93.346664 91.346664 91.346664 94.346664 85.346664 86.346664 79.346664 79.346664 80.346664 82.346664 85.346664 82.346664 83.346664 
65.346664 64.346664 59.346664 62.346664 62.346664 59.346664 56.346664 57.346664 52.346664 56.346664 55.346664 58.346664 61.346664 59.346664 57.346664 
47.346664 45.346664 43.346664 44.346664 39.346664 41.346664 40.346664 42.346664 36.346664 39.346664 43.346664 36.346664 38.346664 38.346664 38.346664 
158.595551 158.595551 158.595551 158.595551 158.595551 158.595551 158.595551 158.595551 158.595551 158.595551 38.595558 -51.404442 -51.404442 -53.404442 -52.404442 
158.595551 158.595551 158.595551 158.595551 158.595551 158.595551 158.595551 158.595551 -16.404442 -54.404442 -54.404442 -56.404442 -60.404442 -63.404442 -66.404442 
158.595551 158.595551 158.595551 158.595551 158.595551 146.595551 -1.404442 -51.404442 -51.404442 -65.404442 -66.404442 -65.404442 -64.404442 -59.404442 -66.404442 
158.595551 158.595551 158.595551 158.595551 41.595558 -42.404442 -58.404442 -57.404442 -61.404442 -71.404442 -75.404442 -73.404442 -75.404442 -82.404442 -81.404442 
158.595551 158.595551 158.595551 46.595558 -43.404442 -66.404442 -74.404442 -77.404442 -75.404442 -74.404442 -73.404442 -82.404442 -84.404442 -83.404442 -84.404442 
158.595551 158.595551 138.595551 -55.404442 -76.404442 -85.404442 -81.404442 -86.404442 -84.404442 -83.404442 -84.404442 -84.404442 -83.404442 -81.404442 -84.404442 
158.595551 157.595551 -53.404442 -69.404442 -79.404442 -87.404442 -87.404442 -88.404442 -86.404442 -87.404442 -82.404442 -81.404442 -82.404442 -78.404442 -78.404442 
158.595551 76.595558 -62.404442 -84.404442 -88.404442 -89.404442 -88.404442 -85.404442 -81.404442 -79.404442 -72.404442 -74.404442 -66.404442 -68.404442 -65.404442 
158.595551 77.595558 -77.404442 -80.404442 -88.404442 -87.404442 -73.404442 -66.404442 -60.404442 -57.404442 -52.404442 -49.404442 -44.404442 -49.404442 -48.404442 
158.595551 76.595558 -76.404442 -83.404442 -88.404442 -59.404442 -43.404442 -27.404442 -26.404442 -24.404442 -28.404442 -26.404442 -27.404442 -31.404442 -37.404442 
158.595551 113.595558 -84.404442 -84.404442 -88.404442 -21.404442 -9.404442 -13.404442 -17.404442 -14.404442 -11.404442 -15.404442 -19.404442 -23.404442 -29.404442 
158.595551 119.595558 -81.404442 -86.404442 -71.404442 -1.404442 5.595558 2.595558 1.595558 2.595558 -0.404442 -2.404442 -6.404442 -11.404442 -16.404442 
158.595551 158.595551 -78.404442 -86.404442 -22.404442 8.595558 4.595558 8.595558 6.595558 6.595558 9.595558 4.595558 -4.404442 -10.404442 -10.404442 
158.595551 158.595551 2.595558 -83.404442 7.595558 21.595558 18.595558 15.595558 12.595558 14.595558 8.595558 -5.404442 -16.404442 -21.404442 -17.404442 
158.595551 158.595551 158.595551 -81.404442 7.595558 9.595558 22.595558 16.595558 6.595558 -0.404442 -15.404442 -28.404442 -48.404442 -73.404442 -77.404442 
83.484451 53.484451 44.484451 13.484451 -1.515549 54.484451 104.484451 104.484451 104.484451 104.484451 104.484451 104.484451 104.484451 104.484451 104.484451 
104.484451 104.484451 104.484451 104.484451 104.484451 104.484451 104.484451 104.484451 104.484451 104.484451 104.484451 104.484451 88.484451 -54.515549 -92.515549 
104.484451 104.484451 104.484451 104.484451 104.484451 104.484451 104.484451 104.484451 104.484451 104.484451 104.484451 -36.515549 -93.515549 -115.515549 -126.515549 
104.484451 104.484451 104.484451 104.484451 104.484451 104.484451 104.484451 104.484451 104.484451 100.484451 -94.515549 -102.515549 -123.515549 -118.515549 -119.515549 
104.484451 104.484451 104.484451 104.484451 104.484451 104.484451 104.484451 104.484451 97.484451 -99.515549 -105.515549 -121.515549 -131.515549 -126.515549 -127.515549 
104.484451 104.484451 104.484451 104.484451 104.484451 104.484451 104.484451 104.484451 -100.515549 -123.515549 -137.515549 -129.515549 -135.515549 -138.515549 -142.515549 
104.484451 104.484451 104.484451 104.484451 104.484451 104.484451 104.484451 -96.515549 -118.515549 -132.515549 -133.515549 -139.515549 -141.515549 -138.515549 -135.515549 
104.484451 104.484451 104.484451 104.484451 104.484451 104.484451 -41.515549 -123.515549 -120.515549 -133.515549 -141.515549 -141.515549 -134.515549 -115.515549 -104.515549 
104.484451 104.484451 104.484451 104.484451 104.484451 63.484451 -109.515549 -124.515549 -131.515549 -140.515549 -141.515549 -131.515549 -100.515549 -82.515549 -76.515549 
104.484451 104.484451 104.484451 104.484451 104.484451 19.484451 -115.515549 -130.515549 -138.515549 -141.515549 -90.515549 -64.515549 -57.515549 -60.515549 -63.515549 
104.484451 104.484451 104.484451 104.484451 104.484451 14.484451 -122.515549 -136.515549 -138.515549 -78.515549 -52.515549 -53.515549 -54.515549 -54.515549 -46.515549 
104.484451 104.484451 104.484451 104.484451 104.484451 -1.515549 -128.515549 -140.515549 -119.515549 -54.515549 -47.515549 -49.515549 -46.515549 -55.515549 -52.515549 
104.484451 104.484451 104.484451 104.484451 104.484451 -74.515549 -131.515549 -141.515549 -79.515549 -62.515549 -107.515549 -119.515549 -118.515549 -117.515549 -87.515549 
104.484451 104.484451 104.484451 104.484451 37.484451 -110.515549 -134.515549 -121.515549 -44.515549 -75.515549 -97.515549 -108.515549 -125.515549 -137.515549 -144.515549 
84.484451 81.484451 81.484451 95.484451 -65.515549 -52.515549 -137.515549 -49.515549 -37.515549 -87.515549 -105.515549 -136.515549 -140.515549 -138.515549 -139.515549 
116.648888 118.648888 116.648888 116.648888 85.648888 5.648888 7.648888 5.648888 4.648888 7.648888 -0.351112 -3.351112 -1.351112 -2.351112 -0.351112 
147.648895 147.648895 150.648895 151.648895 155.648895 -11.351112 -5.351112 -9.351112 -13.351112 -21.351112 -19.351112 -20.351112 -15.351112 -14.351112 -10.351112 
126.648888 122.648888 125.648888 123.648888 124.648888 87.648888 -24.351112 -22.351112 -25.351112 -40.351112 -47.351112 -45.351112 -35.351112 -28.351112 -26.351112 
108.648888 110.648888 111.648888 106.648888 109.648888 105.648888 -35.351112 -37.351112 -44.351112 -50.351112 -57.351112 -60.351112 -52.351112 -46.351112 -50.351112 
85.648888 87.648888 87.648888 86.648888 90.648888 86.648888 47.648888 -51.351112 -53.351112 -54.351112 -59.351112 -64.351112 -63.351112 -61.351112 -61.351112 
88.648888 86.648888 86.648888 85.648888 86.648888 83.648888 85.648888 49.648888 -66.351112 -65.351112 -65.351112 -68.351112 -69.351112 -71.351112 -71.351112 
86.648888 85.648888 86.648888 85.648888 86.648888 86.648888 83.648888 85.648888 0.648888 -29.351112 -60.351112 -73.351112 -74.351112 -76.351112 -75.351112 
84.648888 85.648888 87.648888 85.648888 85.648888 86.648888 84.648888 84.648888 21.648888 -17.351112 -28.351112 -36.351112 -42.351112 -50.351112 -58.351112 
86.648888 82.648888 84.648888 85.648888 54.648888 -50.351112 -72.351112 -12.351112 39.648888 -16.351112 -31.351112 -34.351112 -38.351112 -47.351112 -54.351112 
84.648888 84.648888 85.648888 -18.351112 -30.351112 -76.351112 -76.351112 -76.351112 -33.351112 -19.351112 -27.351112 -32.351112 -38.351112 -43.351112 -51.351112 
81.648888 79.648888 -28.351112 -27.351112 -32.351112 -76.351112 -78.351112 -27.351112 -17.351112 -21.351112 -25.351112 -31.351112 -36.351112 -40.351112 -46.351112 
-27.351112 -14.351112 -26.351112 -32.351112 -31.351112 -65.351112 -41.351112 -27.351112 -24.351112 -22.351112 -21.351112 -27.351112 -33.351112 -35.351112 -40.351112 
-32.351112 -37.351112 -47.351112 -41.351112 -45.351112 -39.351112 -47.351112 -37.351112 -30.351112 -22.351112 -20.351112 -26.351112 -28.351112 -34.351112 -36.351112 
-31.351112 -42.351112 -51.351112 -55.351112 -52.351112 -54.351112 -57.351112 -55.351112 -40.351112 -30.351112 -22.351112 -26.351112 -29.351112 -33.351112 -32.351112 
-45.351112 -47.351112 -57.351112 -59.351112 -68.351112 -57.351112 -54.351112 -57.351112 -61.351112 -64.351112 -50.351112 -29.351112 -33.351112 -30.351112 -31.351112 
110.822220 110.822220 110.822220 110.822220 110.822220 110.822220 110.822220 44.822220 -110.177780 -123.177780 -134.177780 -135.177780 -97.177780 -54.177780 -52.177780 
110.822220 110.822220 110.822220 110.822220 110.822220 110.822220 110.822220 65.822220 -115.177780 -134.177780 -131.177780 -119.177780 -59.177780 -43.177780 -47.177780 
110.822220 110.822220 110.822220 110.822220 110.822220 110.822220 110.822220 29.822220 -118.177780 -135.177780 -134.177780 -76.177780 -49.177780 -50.177780 -70.177780 
110.822220 110.822220 110.822220 110.822220 110.822220 110.822220 110.822220 -45.177780 -124.177780 -135.177780 -130.177780 -47.177780 -87.177780 -103.177780 -115.177780 
110.822220 110.822220 110.822220 110.822220 110.822220 110.822220 38.822220 -104.177780 -125.177780 -133.177780 -57.177780 -45.177780 -71.177780 -84.177780 -90.177780 
109.822220 110.822220 110.822220 110.822220 110.822220 109.822220 -82.177780 -39.177780 -130.177780 -111.177780 -42.177780 -44.177780 -86.177780 -104.177780 -70.177780 
79.822220 81.822220 80.822220 79.822220 79.822220 74.822220 -78.177780 -70.177780 -127.177780 -35.177780 -37.177780 -41.177780 -69.177780 -108.177780 -61.177780 
78.822220 79.822220 78.822220 76.822220 74.822220 77.822220 -40.177780 -95.177780 -110.177780 -25.177780 -28.177780 -33.177780 -41.177780 -69.177780 -84.177780 
77.822220 81.822220 78.822220 77.822220 73.822220 76.822220 -40.177780 -94.177780 -57.177780 -25.177780 -24.177780 -25.177780 -30.177780 -51.177780 -87.177780 
75.822220 73.822220 72.822220 74.822220 70.822220 71.822220 -51.177780 -52.177780 -40.177780 -28.177780 -30.177780 -29.177780 -30.177780 -34.177780 -44.177780 
71.822220 72.822220 72.822220 74.822220 69.822220 66.822220 -36.177780 -66.177780 -47.177780 -35.177780 -39.177780 -32.177780 -31.177780 -35.177780 -33.177780 
70.822220 69.822220 70.822220 65.822220 66.822220 65.822220 -63.177780 -53.177780 -59.177780 -42.177780 -45.177780 -40.177780 -36.177780 -38.177780 -38.177780 
-36.177780 -23.177780 60.822220 74.822220 65.822220 83.822220 87.822220 -91.177780 -59.177780 -54.177780 -53.177780 -46.177780 -43.177780 -52.177780 -58.177780 
20.822220 24.822220 61.822220 67.822220 66.822220 59.822220 55.822220 -78.177780 -57.177780 -63.177780 -57.177780 -51.177780 -50.177780 -67.177780 -77.177780 
48.822220 40.822220 61.822220 63.822220 63.822220 61.822220 55.822220 -61.177780 -65.177780 -67.177780 -66.177780 -57.177780 -60.177780 -60.177780 -76.177780 
152.364441 152.364441 152.364441 152.364441 152.364441 152.364441 152.364441 152.364441 152.364441 152.364441 152.364441 152.364441 152.364441 152.364441 141.364441 
152.364441 152.364441 152.364441 152.364441 152.364441 152.364441 152.364441 152.364441 152.364441 152.364441 152.364441 111.364441 23.364441 -48.635559 -60.635559 
152.364441 152.364441 152.364441 152.364441 152.364441 152.364441 152.364441 152.364441 152.364441 39.364441 -38.635559 -62.635559 -68.635559 -74.635559 -72.635559 
152.364441 152.364441 152.364441 152.364441 152.364441 152.364441 152.364441 109.364441 -34.635559 -44.635559 -56.635559 -70.635559 -70.635559 -66.635559 -72.635559 
152.364441 152.364441 152.364441 152.364441 152.364441 152.364441 47.364441 -51.635559 -57.635559 -61.635559 -67.635559 -72.635559 -78.635559 -74.635559 -80.635559 
152.364441 152.364441 152.364441 152.364441 136.364441 -31.635559 -54.635559 -66.635559 -79.635559 -87.635559 -80.635559 -83.635559 -86.635559 -85.635559 -86.635559 
151.364441 152.364441 148.364441 137.364441 -46.635559 -62.635559 -79.635559 -88.635559 -82.635559 -85.635559 -87.635559 -90.635559 -94.635559 -94.635559 -93.635559 
152.364441 152.364441 142.364441 -8.635559 -63.635559 -73.635559 -86.635559 -80.635559 -90.635559 -93.635559 -92.635559 -95.635559 -93.635559 -96.635559 -94.635559 
150.364441 149.364441 -12.635559 -68.635559 -66.635559 -86.635559 -83.635559 -90.635559 -93.635559 -91.635559 -94.635559 -93.635559 -90.635559 -90.635559 -86.635559 
147.364441 -6.635559 -84.635559 -64.635559 -67.635559 -89.635559 -90.635559 -93.635559 -94.635559 -93.635559 -89.635559 -81.635559 -72.635559 -62.635559 -62.635559 
20.364441 -67.635559 -71.635559 -81.635559 -81.635559 -93.635559 -95.635559 -96.635559 -93.635559 -86.635559 -67.635559 -47.635559 -40.635559 -41.635559 -51.635559 
-29.635559 -73.635559 -72.635559 -86.635559 -87.635559 -89.635559 -96.635559 -91.635559 -73.635559 -51.635559 -33.635559 -30.635559 -29.635559 -24.635559 -27.635559 
-68.635559 -71.635559 -80.635559 -94.635559 -95.635559 -95.635559 -84.635559 -42.635559 -21.635559 -14.635559 -12.635559 -9.635559 -11.635559 -16.635559 -24.635559 
-72.635559 -75.635559 -95.635559 -93.635559 -94.635559 -64.635559 -21.635559 -18.635559 -10.635559 -10.635559 -9.635559 -1.635559 -8.635559 -11.635559 -16.635559 
-74.635559 -87.635559 -89.635559 -93.635559 -75.635559 -20.635559 -10.635559 -9.635559 -9.635559 -11.635559 -11.635559 -1.635559 -0.635559 3.364441 -5.635559 
71.786667 71.786667 71.786667 71.786667 -1.213333 -3.213333 -3.213333 61.786667 71.786667 70.786667 70.786667 71.786667 71.786667 71.786667 71.786667 
71.786667 71.786667 71.786667 71.786667 -1.213333 -2.213333 -2.213333 45.786667 71.786667 71.786667 71.786667 71.786667 71.786667 71.786667 71.786667 
71.786667 71.786667 71.786667 71.786667 -2.213333 -3.213333 0.786667 39.786667 71.786667 68.786667 70.786667 71.786667 71.786667 71.786667 1.786667 
71.786667 71.786667 71.786667 71.786667 -1.213333 -3.213333 -2.213333 30.786667 71.786667 64.786667 70.786667 65.786667 71.786667 -21.213333 -140.213333 
71.786667 71.786667 71.786667 71.786667 -3.213333 -5.213333 -4.213333 37.786667 71.786667 64.786667 66.786667 63.786667 -42.213333 -148.213333 -153.213333 
71.786667 71.786667 71.786667 71.786667 -4.213333 -2.213333 -3.213333 21.786667 70.786667 67.786667 51.786667 -0.213333 -123.213333 -154.213333 -148.213333 
71.786667 71.786667 71.786667 71.786667 -6.213333 -4.213333 -6.213333 -3.213333 68.786667 65.786667 51.786667 -48.213333 -147.213333 -150.213333 -166.213333 
71.786667 71.786667 71.786667 71.786667 -6.213333 -2.213333 -1.213333 -5.213333 70.786667 70.786667 30.786667 -142.213333 -149.213333 -158.213333 -173.213333 
71.786667 71.786667 71.786667 71.786667 -7.213333 -5.213333 -5.213333 -0.213333 71.786667 68.786667 8.786667 -152.213333 -154.213333 -175.213333 -174.213333 
71.786667 71.786667 71.786667 71.786667 -4.213333 -6.213333 -3.213333 -17.213333 66.786667 69.786667 -2.213333 -151.213333 -160.213333 -173.213333 -170.213333 
71.786667 71.786667 71.786667 71.786667 -6.213333 -4.213333 -4.213333 -13.213333 68.786667 65.786667 -68.213333 -156.213333 -169.213333 -174.213333 -171.213333 
71.786667 71.786667 71.786667 70.786667 -6.213333 -3.213333 -5.213333 -6.213333 63.786667 57.786667 -114.213333 -161.213333 -172.213333 -176.213333 -153.213333 
71.786667 71.786667 71.786667 70.786667 -5.213333 -5.213333 -6.213333 -12.213333 56.786667 -125.213333 -149.213333 -162.213333 -175.213333 -173.213333 -101.213333 
71.786667 71.786667 70.786667 68.786667 -4.213333 -6.213333 -5.213333 -11.213333 -31.213333 -132.213333 -120.213333 -166.213333 -176.213333 -102.213333 -80.213333 
40.786667 38.786667 35.786667 34.786667 -7.213333 -8.213333 -4.213333 -7.213333 -104.213333 -81.213333 -106.213333 -169.213333 -131.213333 -79.213333 -71.213333 
108.217773 108.217773 108.217773 108.217773 108.217773 108.217773 108.217773 108.217773 108.217773 108.217773 108.217773 108.217773 107.217773 108.217773 108.217773 
108.217773 108.217773 108.217773 108.217773 108.217773 108.217773 108.217773 108.217773 108.217773 108.217773 108.217773 108.217773 108.217773 107.217773 102.217773 
108.217773 108.217773 108.217773 108.217773 108.217773 108.217773 108.217773 108.217773 108.217773 108.217773 108.217773 106.217773 105.217773 64.217773 -56.782227 
108.217773 108.217773 108.217773 108.217773 108.217773 108.217773 108.217773 108.217773 108.217773 108.217773 108.217773 78.217773 -15.782227 -90.782227 -89.782227 
108.217773 108.217773 108.217773 108.217773 108.217773 108.217773 108.217773 108.217773 108.217773 106.217773 57.217773 -81.782227 -87.782227 -84.782227 -96.782227 
108.217773 108.217773 108.217773 108.217773 108.217773 108.217773 108.217773 108.217773 105.217773 16.217773 -85.782227 -90.782227 -92.782227 -105.782227 -114.782227 
108.217773 108.217773 108.217773 108.217773 108.217773 108.217773 108.217773 106.217773 41.217773 -61.782227 -98.782227 -95.782227 -104.782227 -119.782227 -120.782227 
108.217773 108.217773 108.217773 108.217773 108.217773 108.217773 106.217773 27.217773 -78.782227 -100.782227 -98.782227 -109.782227 -116.782227 -113.782227 -117.782227 
108.217773 108.217773 108.217773 108.217773 108.217773 98.217773 9.217773 -93.782227 -101.782227 -107.782227 -103.782227 -116.782227 -109.782227 -122.782227 -135.782227 
108.217773 108.217773 108.217773 108.217773 81.217773 -41.782227 -93.782227 -111.782227 -109.782227 -103.782227 -110.782227 -112.782227 -126.782227 -133.782227 -132.782227 
108.217773 106.217773 90.217773 52.217773 -66.782227 -92.782227 -117.782227 -117.782227 -110.782227 -103.782227 -107.782227 -119.782227 -133.782227 -132.782227 -122.782227 
107.217773 91.217773 33.217773 -89.782227 -87.782227 -117.782227 -123.782227 -110.782227 -105.782227 -113.782227 -111.782227 -132.782227 -134.782227 -129.782227 -124.782227 
101.217773 10.217773 -55.782227 -86.782227 -114.782227 -121.782227 -107.782227 -101.782227 -117.782227 -114.782227 -120.782227 -132.782227 -129.782227 -131.782227 -129.782227 
29.217773 -43.782227 -66.782227 -107.782227 -121.782227 -113.782227 -100.782227 -120.782227 -123.782227 -109.782227 -131.782227 -134.782227 -136.782227 -135.782227 -135.782227 
29.217773 -49.782227 -106.782227 -118.782227 -106.782227 -108.782227 -114.782227 -122.782227 -119.782227 -121.782227 -132.782227 -133.782227 -134.782227 -135.782227 -136.782227 
123.240005 123.240005 123.240005 123.240005 123.240005 123.240005 123.240005 123.240005 123.240005 123.240005 123.240005 123.240005 123.240005 123.240005 123.240005 
123.240005 123.240005 123.240005 123.240005 123.240005 123.240005 123.240005 123.240005 123.240005 123.240005 122.240005 -73.759995 -96.759995 -87.759995 -100.759995 
123.240005 123.240005 123.240005 123.240005 123.240005 123.240005 123.240005 123.240005 123.240005 -66.759995 -82.759995 -94.759995 -86.759995 -91.759995 -111.759995 
123.240005 123.240005 123.240005 123.240005 123.240005 123.240005 123.240005 77.240005 -88.759995 -98.759995 -108.759995 -111.759995 -112.759995 -115.759995 -114.759995 
123.240005 123.240005 123.240005 123.240005 123.240005 123.240005 -20.759995 -97.759995 -105.759995 -112.759995 -120.759995 -121.759995 -115.759995 -121.759995 -121.759995 
123.240005 123.240005 123.240005 123.240005 123.240005 -22.759995 -99.759995 -114.759995 -118.759995 -122.759995 -123.759995 -123.759995 -121.759995 -122.759995 -122.759995 
123.240005 123.240005 123.240005 123.240005 121.240005 -94.759995 -114.759995 -118.759995 -121.759995 -120.759995 -114.759995 -109.759995 -108.759995 -108.759995 -110.759995 
123.240005 123.240005 123.240005 123.240005 -18.759995 -111.759995 -114.759995 -119.759995 -117.759995 -94.759995 -91.759995 -85.759995 -77.759995 -76.759995 -79.759995 
123.240005 123.240005 123.240005 123.240005 -63.759995 -109.759995 -119.759995 -119.759995 -84.759995 -53.759995 -53.759995 -55.759995 -62.759995 -63.759995 -59.759995 
123.240005 123.240005 123.240005 123.240005 -96.759995 -117.759995 -119.759995 -111.759995 -53.759995 -42.759995 -34.759995 -40.759995 -40.759995 -43.759995 -43.759995 
123.240005 123.240005 123.240005 123.240005 -35.759995 -114.759995 -119.759995 -52.759995 -34.759995 -22.759995 -25.759995 -25.759995 -37.759995 -32.759995 -34.759995 
123.240005 123.240005 123.240005 123.240005 -63.759995 -116.759995 -116.759995 -47.759995 -35.759995 -34.759995 -25.759995 -22.759995 -29.759995 -26.759995 -30.759995 
123.240005 123.240005 123.240005 123.240005 -30.759995 -114.759995 -106.759995 -34.759995 -32.759995 -72.759995 -59.759995 -60.759995 -53.759995 -54.759995 -70.759995 
123.240005 123.240005 123.240005 123.240005 -30.759995 -109.759995 -97.759995 -90.759995 -109.759995 -115.759995 -119.759995 -103.759995 -88.759995 -76.759995 -87.759995 
97.240005 91.240005 96.240005 92.240005 60.240005 -108.759995 -102.759995 -84.759995 -93.759995 -117.759995 -112.759995 -111.759995 -89.759995 -49.759995 -41.759995 
10 #numtrees
13 #numFeatures
#Tree 0
0.186335 0.735653 0.115053 0.698659 # Feature 0
0.355604 0.638300 0.908211 0.294000 # Feature 1
0.264972 0.377494 0.541620 0.009282 # Feature 2
0.999465 0.012902 0.842497 0.852470 # Feature 3
0.467011 0.053607 0.976748 0.196755 # Feature 4
0.856973 0.144214 0.800662 0.729398 # Feature 5
0.985791 0.183406 0.499760 0.469862 # Feature 6
0.970991 0.450770 0.095792 0.974082 # Feature 7
0.390235 0.680670 0.026669 0.231241 # Feature 8
0.468739 0.097960 0.415410 0.796294 # Feature 9
0.316403 0.778534 0.828493 0.487140 # Feature 10
0.369049 0.602845 0.024264 0.811112 # Feature 11
0.355793 0.806109 0.274877 0.859817 # Feature 12
288 #numLeaves
192 1 0
232 2 0
236 2 0
484 1 0
493 1 0
495 1 0
576 1 0
580 1 0
612 1 0
613 1 0
616 1 0
617 1 0
704 3 0
708 3 0
709 2 0
712 2 0
713 2 0
716 4 3
717 3 0
736 8 0
737 6 0
740 6 0
741 5 0
744 23 13
745 8 1
748 12 0
749 6 0
781 1 0
836 1 0
837 1 0
964 2 0
968 1 1
972 2 1
973 2 0
991 1 0
1000 1 1
1001 3 2
1004 2 0
1260 1 0
1600 1 0
1632 2 0
1648 1 0
1728 2 0
1732 1 0
1733 1 1
1740 2 1
1741 3 2
1744 2 0
1760 3 1
1761 1 0
1764 3 1
1765 3 0
1768 4 0
1772 5 0
1773 9 0
1776 1 0
1783 1 0
1784 1 0
1791 1 1
1996 2 1
1997 6 3
2013 1 0
2015 1 0
2024 1 0
2028 1 0
2029 1 0
2317 1 2
2564 1 0
2624 1 0
2628 5 0
2629 2 0
2630 1 0
2631 1 0
2633 1 0
2636 1 0
2637 1 0
2656 1 0
2661 3 0
2756 1 0
2757 4 0
2760 1 0
2764 5 2
2765 2 0
2788 1 0
2789 2 0
2796 1 0
2797 1 0
2821 3 2
2828 2 4
2829 3 1
2831 2 1
2839 1 0
2846 1 0
2847 3 3
2856 1 0
2859 1 0
2860 2 0
2861 1 0
2863 1 0
2879 1 0
2884 2 0
2885 2 0
2892 3 5
2893 2 1
2894 1 0
2895 1 0
2903 1 0
2908 1 0
2909 1 0
2911 1 0
2927 1 0
2943 1 0
2959 1 2
2991 1 1
3012 3 0
3020 4 5
3021 1 1
3022 2 1
3023 2 1
3029 1 0
3039 1 0
3268 1 2
3270 1 0
3277 1 0
3309 1 0
3530 1 0
3562 1 0
3563 1 0
3584 1 0
3588 1 1
3648 2 0
3652 5 2
3653 4 1
3680 1 0
3684 2 0
3685 1 0
3717 1 0
3776 1 0
3784 1 0
3788 5 1
3789 2 1
3790 1 1
3791 3 0
3799 1 0
3806 1 1
3807 1 0
3808 1 0
3820 1 0
3838 1 0
3844 1 0
3845 2 2
3852 3 4
3853 1 1
3863 1 1
3884 3 0
3908 1 1
3909 1 1
3916 2 2
3917 1 0
3918 1 1
3948 1 0
4014 1 0
4039 1 1
4044 1 1
4045 2 2
4046 2 0
4062 1 0
4077 1 0
4201 1 0
4321 1 0
4328 4 0
4329 1 0
4332 1 0
4676 1 0
4677 1 0
4704 1 0
4708 1 0
4709 2 0
4805 1 0
4808 3 0
4809 1 0
4812 1 2
4813 2 0
4832 1 0
4833 1 1
4836 4 0
4837 3 0
4840 6 6
4841 1 1
4844 11 3
4845 5 0
4853 1 1
4863 1 0
4869 1 0
4876 1 0
4932 2 0
4940 1 3
5064 2 0
5068 2 0
5069 1 0
5096 2 1
5097 3 1
5100 1 1
5101 2 2
5733 3 0
5828 1 0
5832 1 0
5836 1 1
5837 1 0
5839 1 0
5860 1 1
5861 2 1
5864 1 0
5868 2 0
5869 5 0
5879 1 1
5880 1 0
6093 1 0
6720 2 0
6724 3 0
6725 7 0
6743 1 0
6757 1 0
6765 1 0
6852 1 0
6853 3 0
6860 1 0
6861 2 0
6862 2 0
6884 1 0
6885 1 0
6892 1 0
6893 1 0
6901 1 0
6908 1 0
6909 1 0
6917 1 0
6921 1 0
6924 1 2
6926 1 1
6927 2 1
6953 1 0
6959 1 0
6975 1 0
6976 1 0
6980 2 1
6981 2 0
6988 1 0
6991 1 0
7005 1 0
7006 1 1
7023 1 0
7053 1 0
7054 1 2
7055 1 1
7109 2 0
7118 3 0
7684 1 1
7717 1 0
7744 1 0
7748 1 2
7749 1 0
7765 1 0
7781 1 0
7799 3 0
7878 1 1
7884 2 1
7885 3 0
7887 1 0
7903 1 0
7904 1 0
7911 1 0
7916 1 0
7917 2 0
7925 1 0
7935 1 0
7949 1 1
8005 2 0
8012 1 1
8015 1 0
8021 1 0
8047 1 0
8068 1 1
8077 1 2
8079 1 1
8141 2 1
8143 1 0
8159 1 1
#Tree 1
0.951019 0.777276 0.680837 0.835185 # Feature 0
0.961130 0.705425 0.073751 0.536857 # Feature 1
0.957186 0.418065 0.418777 0.381617 # Feature 2
0.836927 0.240062 0.726211 0.431613 # Feature 3
0.116691 0.223913 0.309588 0.244801 # Feature 4
0.377034 0.807539 0.314736 0.775230 # Feature 5
0.283334 0.996349 0.632867 0.600911 # Feature 6
0.509480 0.834129 0.199443 0.035981 # Feature 7
0.730005 0.197911 0.293198 0.770347 # Feature 8
0.214750 0.309220 0.060663 0.557590 # Feature 9
0.416917 0.115945 0.685545 0.959951 # Feature 10
0.893088 0.136134 0.997800 0.027973 # Feature 11
0.148065 0.522975 0.641339 0.989146 # Feature 12
347 #numLeaves
7 1 1
13 1 3
31 1 0
71 1 1
79 3 3
87 1 0
141 3 0
197 1 2
199 1 0
207 1 1
261 1 2
271 1 1
321 1 1
325 2 2
327 1 0
333 2 2
335 1 1
349 1 0
535 1 1
543 1 1
597 1 2
599 1 3
631 1 0
653 1 1
663 1 1
709 1 0
725 1 2
727 1 1
735 1 0
791 1 1
845 1 1
855 2 1
969 1 0
973 1 1
1005 1 0
1037 2 0
1101 3 3
1133 1 0
1189 1 0
1197 1 0
1221 1 0
1223 1 0
1237 1 0
1347 1 0
1355 2 0
1357 2 0
1475 1 0
1481 1 0
1557 1 1
1629 1 0
1631 1 0
1750 1 0
1757 2 1
1759 1 0
1796 1 0
1815 1 0
1857 2 1
1865 1 1
1951 1 0
1989 1 1
1997 1 1
2189 1 0
3763 1 0
3804 1 0
3861 1 0
4101 2 0
4105 1 0
4109 4 1
4111 1 0
4127 1 0
4165 4 6
4167 2 2
4173 2 1
4175 1 2
4191 1 1
4229 1 0
4233 1 0
4237 1 0
4239 4 0
4293 3 2
4295 4 0
4301 6 5
4303 3 1
4319 1 1
4353 1 0
4357 1 2
4361 1 0
4365 1 1
4416 1 0
4417 4 1
4421 2 2
4423 2 1
4425 1 2
4429 3 3
4431 1 0
4437 1 0
4480 1 0
4485 1 0
4493 2 1
4495 1 0
4545 3 0
4547 1 0
4549 1 1
4553 1 0
4557 3 1
4687 1 1
4701 3 3
4703 3 1
4749 4 1
4757 2 3
4781 1 0
4813 2 2
4821 1 1
4829 1 0
4831 1 0
4861 1 0
4877 1 2
4929 2 1
4933 2 6
4937 2 1
4941 3 4
4997 1 0
5005 1 1
5057 1 0
5061 1 1
5065 1 0
5069 1 2
5133 5 1
5135 1 0
5157 1 0
5189 3 3
5191 1 0
5197 5 4
5199 1 0
5221 2 0
5261 3 0
5293 2 0
5317 2 1
5325 1 0
5327 2 0
5377 2 1
5379 1 1
5381 4 2
5389 2 1
5391 1 0
5440 1 0
5441 7 4
5443 1 1
5444 1 0
5445 5 4
5447 1 1
5453 5 2
5477 1 0
5509 3 0
5513 2 0
5517 1 0
5525 1 0
5569 4 0
5571 1 0
5573 2 1
5581 1 1
5605 1 0
5633 2 0
5645 1 0
5647 1 0
5653 1 0
5661 1 0
5665 1 0
5669 1 0
5701 3 1
5709 1 0
5717 1 2
5719 3 2
5725 2 0
5727 6 0
5767 1 0
5773 1 0
5781 1 1
5789 1 1
5797 1 0
5805 1 0
5829 1 1
5845 1 0
5847 1 0
5853 1 0
5855 2 0
5888 1 0
5889 3 0
5893 5 1
5895 1 1
5897 1 0
5901 1 1
5903 1 0
5904 2 0
5908 2 0
5909 1 0
5910 1 0
5917 1 3
5952 1 0
5953 7 5
5955 1 1
5956 1 0
5957 3 6
5959 1 2
5961 1 0
5965 1 0
5972 3 0
5973 4 1
5974 1 0
5981 4 1
6017 1 0
6020 1 0
6021 1 2
6029 1 1
6035 1 0
6037 1 0
6039 1 0
6061 1 0
6081 1 0
6085 1 0
6087 1 1
6089 1 0
6093 1 0
6095 1 1
6100 1 0
6101 2 0
6102 1 0
6109 2 0
6110 2 0
6111 1 1
6125 1 0
6221 1 2
6285 1 0
6301 2 0
6413 1 0
6477 1 0
6541 1 0
6593 1 0
6601 1 0
6797 1 0
6861 1 0
6981 1 0
6985 1 0
7049 1 0
7105 1 0
7109 1 0
7113 1 0
7168 1 0
7169 1 0
7173 1 0
7201 1 0
7216 1 0
7232 1 0
7245 2 0
7265 1 0
7269 1 0
7301 1 0
7311 3 0
7317 1 0
7327 1 0
7329 1 0
7341 1 0
7375 1 0
7397 1 0
7425 2 0
7429 3 0
7437 1 0
7439 2 0
7447 1 0
7488 1 0
7489 1 0
7493 2 0
7501 1 0
7509 1 0
7557 1 0
7561 1 0
7565 2 0
7567 1 0
7617 1 0
7680 1 0
7681 1 0
7684 1 0
7685 1 0
7693 2 0
7704 1 0
7705 1 0
7709 1 1
7711 1 0
7712 1 0
7713 2 0
7720 1 0
7721 1 0
7728 1 0
7745 1 0
7757 1 0
7759 1 0
7773 10 2
7775 3 1
7793 1 0
7813 1 0
7821 2 0
7823 1 0
7829 1 0
7836 1 0
7837 3 1
7839 1 0
7893 1 1
7900 1 1
7901 4 1
7903 1 0
7936 1 0
7937 1 0
7941 3 2
7943 1 0
7949 2 0
7952 1 0
7956 1 0
7957 2 1
7958 1 0
7959 3 0
7960 1 0
7961 1 0
7963 1 0
7965 2 0
7967 1 1
8000 2 0
8002 1 0
8005 2 4
8007 1 0
8013 1 0
8020 4 2
8021 6 5
8023 1 0
8028 2 0
8029 1 1
8031 1 1
8073 1 0
8079 1 0
8085 2 0
8087 1 0
8092 1 0
8095 2 0
8148 1 0
8149 1 1
8151 1 0
8157 1 0
8158 1 0
#Tree 2
0.578133 0.680530 0.674978 0.362046 # Feature 0
0.914710 0.530369 0.917611 0.283109 # Feature 1
0.208989 0.471816 0.806578 0.161689 # Feature 2
0.514298 0.813117 0.064168 0.479624 # Feature 3
0.043310 0.902915 0.294501 0.685730 # Feature 4
0.066033 0.821220 0.242774 0.310257 # Feature 5
0.492554 0.356179 0.307991 0.396982 # Feature 6
0.070916 0.886517 0.684032 0.528226 # Feature 7
0.902819 0.686503 0.063316 0.152140 # Feature 8
0.023765 0.418943 0.174793 0.752751 # Feature 9
0.490316 0.747744 0.329275 0.117577 # Feature 10
0.118128 0.374985 0.376970 0.728745 # Feature 11
0.014481 0.382013 0.490500 0.827577 # Feature 12
285 #numLeaves
33 1 2
43 2 1
51 1 1
59 1 0
81 1 0
107 1 1
123 2 0
147 1 0
227 1 1
235 1 0
249 1 0
291 1 3
297 1 1
299 1 4
355 1 1
363 1 1
379 1 0
421 1 0
425 1 0
427 5 1
429 2 0
431 1 0
443 1 2
483 2 3
485 1 0
489 2 0
491 2 1
493 4 0
495 2 1
499 1 7
501 1 0
507 2 1
511 1 0
800 1 0
916 1 0
933 1 0
937 1 0
941 1 0
950 1 0
1001 1 0
1012 2 0
1014 1 0
1021 1 0
1035 2 4
1041 1 0
1065 1 1
1066 1 0
1067 8 7
1073 1 0
1081 1 0
1083 1 0
1131 2 2
1137 1 0
1147 1 0
1195 1 2
1207 3 0
1261 1 0
1263 1 1
1275 1 0
1321 1 0
1323 7 8
1379 2 1
1387 3 5
1403 1 1
1443 1 1
1445 1 0
1451 1 2
1457 1 0
1463 1 1
1507 2 1
1515 2 1
1517 1 0
1519 1 0
1531 1 0
2083 1 1
2155 1 0
2223 1 0
2283 1 0
2475 1 0
2477 1 0
2491 1 0
2539 1 0
2541 1 0
2543 2 0
3083 2 4
3115 6 8
3119 1 1
3121 1 0
3123 1 1
3125 1 0
3147 1 1
3169 2 0
3171 1 0
3176 1 0
3179 3 1
3195 1 0
3247 1 0
3303 1 0
3305 1 0
3307 1 0
3311 2 0
3361 1 0
3362 4 0
3363 2 2
3369 1 0
3371 5 7
3379 1 0
3427 2 0
3435 3 0
3443 1 0
3491 1 1
3499 1 1
3503 1 1
3519 1 0
3555 3 0
3559 2 0
3563 1 0
3567 5 0
3579 1 0
3616 1 2
3626 1 0
3874 2 0
3875 1 0
4002 1 0
4107 1 2
4129 1 0
4130 1 0
4131 1 1
4136 1 0
4137 2 0
4139 9 2
4147 1 0
4177 1 0
4195 1 0
4203 1 1
4265 1 0
4267 3 0
4275 1 0
4307 1 0
4311 1 0
4331 1 0
4333 1 0
4385 2 0
4386 2 0
4387 2 2
4395 17 3
4411 7 0
4459 8 1
4475 3 0
4514 1 1
4515 1 1
4517 1 0
4521 1 0
4523 10 0
4525 2 0
4527 1 0
4531 1 0
4534 1 0
4539 3 0
4541 1 0
4579 1 1
4581 3 0
4583 3 0
4585 2 0
4587 10 1
4589 6 0
4591 6 0
4593 1 0
4595 1 0
4603 11 0
4607 1 0
4640 1 0
5028 1 0
5029 1 0
5033 2 0
5040 1 0
5044 2 0
5045 1 0
5089 1 0
5097 3 0
5099 1 0
5108 1 0
5113 2 0
5155 1 5
5161 1 1
5163 6 11
5171 1 0
5177 1 0
5179 1 0
5181 1 0
5201 1 0
5219 1 1
5227 1 1
5282 1 0
5293 1 0
5303 2 0
5347 1 0
5351 2 0
5355 1 0
5359 1 0
5411 1 2
5417 1 0
5419 5 4
5483 3 1
5538 1 0
5547 1 3
5549 1 0
5551 3 2
5603 1 0
5607 1 0
5611 1 0
5613 4 0
5629 1 0
5863 1 0
5923 1 0
6115 1 0
6141 2 0
6179 1 0
6187 9 1
6219 1 1
6243 1 0
6315 1 0
6382 1 0
6435 3 0
6443 2 1
6459 1 0
6507 3 0
6563 1 0
6565 1 0
6567 1 0
6575 2 0
6627 1 0
6631 2 0
6635 2 1
6637 1 0
6639 2 0
6655 1 0
7136 1 0
7179 4 1
7203 3 6
7205 1 0
7209 1 3
7211 12 16
7217 1 0
7219 1 0
7221 1 0
7227 1 0
7267 1 0
7268 1 0
7272 1 0
7273 1 1
7275 5 0
7343 3 1
7399 1 1
7403 1 0
7405 1 0
7407 4 2
7458 1 0
7459 3 7
7464 1 0
7465 1 1
7467 7 11
7523 1 0
7531 12 3
7586 1 0
7587 1 2
7591 1 1
7595 5 10
7599 2 3
7651 1 1
7655 1 0
7659 4 1
7661 1 0
7663 3 0
7679 1 0
7714 2 1
7715 1 0
7718 1 0
7720 1 1
7722 1 0
7723 1 1
7776 1 0
7970 2 0
8099 1 0
8107 1 0
#Tree 3
0.079665 0.923967 0.118042 0.938252 # Feature 0
0.195973 0.726118 0.857863 0.103638 # Feature 1
0.838910 0.565110 0.810401 0.406969 # Feature 2
0.934977 0.160874 0.816055 0.431740 # Feature 3
0.248101 0.830523 0.596219 0.645779 # Feature 4
0.608169 0.495466 0.304382 0.755627 # Feature 5
0.828610 0.455551 0.438145 0.897431 # Feature 6
0.118944 0.098993 0.780746 0.997533 # Feature 7
0.539817 0.698849 0.561277 0.384786 # Feature 8
0.092576 0.929386 0.192648 0.841255 # Feature 9
0.969377 0.318446 0.128000 0.288386 # Feature 10
0.909935 0.279053 0.041813 0.755507 # Feature 11
0.809000 0.866245 0.973542 0.313588 # Feature 12
385 #numLeaves
110 1 0
122 1 0
225 1 0
305 1 0
312 1 0
313 1 0
345 1 0
358 1 2
362 1 0
366 1 1
369 1 1
370 1 0
382 1 0
497 1 0
502 1 0
510 1 0
554 1 0
609 1 0
624 1 0
634 1 0
635 1 0
688 1 0
758 1 1
760 1 0
766 1 0
783 1 0
800 1 2
801 1 2
804 1 0
809 1 0
816 2 0
817 5 3
818 1 0
820 1 0
822 1 1
824 5 0
825 3 1
826 2 1
828 2 0
830 3 0
864 1 1
865 1 1
866 1 1
870 1 4
881 1 0
886 2 0
888 1 0
894 2 1
950 1 0
952 1 0
998 1 1
1014 1 0
1022 1 1
1264 1 0
1328 1 0
1393 1 1
1590 1 0
1598 1 0
1614 1 0
1638 1 0
1646 1 0
1652 1 0
1660 1 0
1662 3 0
1712 1 0
1726 1 0
1774 1 0
1777 1 0
1780 1 0
1782 1 1
1788 1 0
1790 1 0
1824 1 0
1825 1 1
1826 1 0
1828 1 0
1830 1 0
1834 1 0
1836 2 0
1838 1 0
1840 1 0
1841 2 1
1842 2 0
1844 2 0
1846 3 0
1848 2 0
1849 1 1
1850 1 0
1854 5 1
1888 1 1
1889 1 0
1892 2 0
1894 3 1
1896 1 0
1900 1 0
1902 1 1
1904 1 0
1905 1 0
1906 2 0
1908 2 0
1910 5 1
1914 2 0
1916 1 0
1958 1 0
1960 1 0
1968 1 0
1969 1 1
1972 2 0
1976 1 0
1982 1 0
2020 2 0
2036 1 0
2044 1 0
2081 1 0
2089 1 0
2104 1 1
2153 1 0
2336 1 0
2337 1 1
2344 2 1
2352 1 1
2353 1 1
2360 1 0
2361 2 1
2848 2 2
2849 1 0
2854 1 0
2857 1 1
2864 1 1
2868 2 0
2870 2 0
2872 1 0
2873 1 0
2916 1 0
2928 1 0
2936 1 0
2994 1 0
3044 1 0
3062 1 0
3360 1 2
3361 2 2
3369 2 1
3376 4 3
3377 4 4
3384 2 1
3385 3 3
3424 1 1
3433 1 2
3569 1 0
3872 2 2
3873 3 4
3874 1 0
3878 1 0
3880 1 4
3881 1 0
3884 1 0
3888 2 3
3889 5 7
3890 2 0
3894 1 0
3897 1 2
3940 1 0
3942 1 0
3945 1 1
3948 1 1
3952 1 0
3954 1 0
3956 1 0
4016 1 0
4017 1 1
4018 1 0
4020 1 0
4026 1 0
4070 1 0
4073 1 1
4076 1 0
4080 1 0
4202 1 0
4206 1 0
4214 1 0
4222 1 0
4334 1 1
4337 1 0
4401 3 0
4450 2 0
4454 1 0
4465 1 0
4470 1 0
4478 2 0
4529 1 0
4578 1 0
4590 1 1
4598 1 0
4602 1 0
4649 1 1
4651 2 0
4664 1 1
4698 1 0
4705 1 0
4706 1 0
4713 1 0
4726 1 1
4730 1 0
4734 2 0
4831 1 0
4833 1 0
4852 1 0
4856 1 0
4860 1 0
4891 1 0
4896 1 1
4898 1 1
4900 1 0
4902 1 0
4904 1 1
4905 1 1
4912 1 0
4913 5 1
4916 1 0
4918 3 0
4920 1 0
4921 1 1
4922 2 0
4926 2 1
4960 1 1
4962 1 2
4964 1 0
4966 2 2
4976 1 0
4977 1 0
4978 1 1
4980 1 1
4982 2 2
4984 1 0
4985 1 0
5041 1 0
5042 1 0
5046 1 0
5048 1 0
5049 1 0
5050 1 0
5057 1 0
5078 1 0
5089 1 0
5094 1 1
5104 1 0
5108 1 0
5110 1 0
5112 1 0
5113 1 0
5116 1 0
5118 1 1
5553 1 0
5667 1 0
5670 1 0
5674 1 0
5690 1 0
5692 1 0
5694 2 0
5726 1 0
5734 1 0
5744 1 0
5758 1 0
5808 1 0
5863 1 0
5873 1 0
5874 1 1
5876 1 0
5878 1 0
5884 1 0
5886 1 0
5920 2 0
5921 1 1
5922 2 0
5924 1 0
5926 8 3
5928 2 1
5929 1 1
5930 1 0
5932 1 1
5934 3 1
5936 1 0
5937 1 0
5938 2 0
5940 2 0
5942 4 0
5945 3 1
5946 1 0
5947 1 0
5950 3 0
5984 1 0
5986 2 1
5988 2 0
5990 5 1
5992 1 1
5993 1 0
5996 2 0
6000 1 0
6001 2 0
6002 1 1
6004 2 0
6006 6 0
6008 2 0
6010 1 0
6014 1 0
6050 1 1
6054 1 0
6062 2 0
6064 1 0
6066 1 0
6070 1 0
6078 1 0
6124 1 0
6129 1 0
6130 1 0
6138 1 0
6140 1 0
6177 1 0
6185 2 1
6193 1 0
6201 1 0
6249 2 0
6257 2 0
6432 1 1
6433 1 0
6436 1 0
6448 2 1
6449 4 2
6497 2 1
6505 2 1
6513 1 1
6689 1 1
6944 1 3
6953 1 1
6960 3 1
6961 2 2
6962 1 0
6964 1 0
6969 1 1
7009 1 0
7010 1 0
7020 1 0
7024 1 1
7088 1 0
7090 1 0
7148 1 0
7152 1 0
7156 1 0
7289 1 1
7456 1 1
7457 2 5
7472 1 1
7473 6 3
7520 1 1
7528 1 1
7536 2 1
7537 1 1
7540 1 0
7601 2 2
7721 1 1
7729 1 1
7792 1 2
7849 1 0
7968 2 4
7969 4 7
7970 1 0
7974 1 0
7976 1 2
7978 1 0
7984 6 7
7985 2 4
7986 2 1
7988 1 0
7990 1 0
7993 1 2
8032 1 1
8034 2 0
8040 1 1
8048 2 1
8049 2 4
8056 1 1
8058 1 0
8112 2 0
8113 1 0
8169 1 3
#Tree 4
0.467796 0.243043 0.823443 0.599616 # Feature 0
0.743698 0.327666 0.083177 0.951141 # Feature 1
0.823081 0.527120 0.310802 0.646964 # Feature 2
0.528517 0.786098 0.952491 0.515310 # Feature 3
0.819254 0.207083 0.441171 0.757170 # Feature 4
0.750571 0.841331 0.249552 0.217529 # Feature 5
0.001762 0.607765 0.712493 0.871079 # Feature 6
0.223777 0.014975 0.680696 0.452619 # Feature 7
0.175361 0.288400 0.131390 0.272306 # Feature 8
0.650010 0.719640 0.990750 0.535381 # Feature 9
0.148002 0.469616 0.838895 0.313227 # Feature 10
0.398227 0.005280 0.739131 0.580106 # Feature 11
0.833602 0.347811 0.666053 0.354997 # Feature 12
209 #numLeaves
98 1 1
101 1 2
102 15 8
103 9 9
110 4 2
111 3 3
114 1 0
118 9 1
119 5 4
126 1 0
127 2 1
166 1 0
192 2 0
224 2 0
225 1 0
227 1 0
228 1 0
229 1 0
230 3 0
231 4 1
239 1 0
247 1 0
354 1 0
355 6 1
358 11 0
359 7 4
370 1 0
371 2 1
374 3 2
375 1 1
449 1 0
482 3 0
483 4 0
486 2 0
487 2 1
614 11 4
615 6 2
622 20 6
623 3 3
630 6 0
631 2 0
638 5 0
639 2 1
742 2 0
749 1 0
750 2 1
751 1 0
839 1 0
870 1 0
871 1 0
886 1 0
895 1 0
1093 1 0
1108 1 0
1109 1 0
1124 2 0
1125 1 2
1126 3 1
1127 3 4
1134 2 1
1142 4 0
1143 1 1
1221 1 0
1232 1 0
1233 1 0
1236 1 0
1248 1 0
1249 1 0
1250 4 0
1252 1 0
1253 2 2
1254 6 0
1255 3 0
1263 2 0
1264 1 0
1269 1 0
1270 1 0
1271 1 0
1315 2 0
1378 1 0
1379 14 4
1382 4 1
1383 2 1
1395 7 2
1398 1 0
1399 2 0
1425 2 0
1443 2 0
1457 1 0
1459 1 0
1473 1 1
1488 1 0
1489 2 0
1505 4 1
1506 3 0
1507 20 1
1508 1 0
1509 3 1
1510 1 0
1511 1 0
1521 2 0
1523 3 0
1525 1 0
1638 2 0
1646 5 3
1647 1 0
1662 1 1
1899 1 0
1902 2 0
2150 5 0
2151 1 0
2158 2 0
2159 1 0
2166 2 1
2276 1 0
2278 1 0
2403 1 0
2406 1 1
2423 1 0
2532 1 0
2662 6 0
2663 1 0
2670 3 0
2671 2 0
2678 1 1
3174 1 0
3302 2 0
3363 1 1
3425 2 0
3427 2 4
3428 1 1
3431 1 0
3443 3 3
3457 1 1
3505 1 0
3553 1 0
3555 5 3
3571 2 0
3694 1 0
4196 1 1
4197 1 0
4199 2 3
4207 2 1
4214 2 5
4215 1 2
4223 1 1
4322 1 0
4340 1 0
4451 5 2
4452 1 0
4454 4 5
4455 4 4
4467 8 0
4471 1 1
4592 2 0
4708 2 0
4710 2 5
4711 3 3
4718 15 19
4719 5 4
4726 2 2
4727 1 1
4734 3 8
4735 1 3
4837 1 0
4964 1 0
4966 4 4
4967 3 2
4973 1 0
4974 11 16
4975 6 7
4979 2 0
4990 1 4
4991 8 2
5220 1 0
5222 1 1
5348 1 0
5349 1 0
5479 3 0
5491 3 3
5495 1 0
5573 1 0
5603 1 0
5732 1 0
5742 3 2
5743 1 1
5748 1 0
5758 2 1
5759 1 0
5966 1 0
5991 4 0
5997 2 0
5999 1 1
6007 1 0
6246 1 1
6254 2 1
6255 1 0
6270 1 0
6372 1 0
6499 2 2
6503 1 0
6758 2 0
6759 1 1
6766 6 2
6767 1 2
6886 1 0
7396 1 0
7523 1 4
7539 5 4
#Tree 5
0.440056 0.014917 0.711650 0.706767 # Feature 0
0.635577 0.146365 0.957588 0.183773 # Feature 1
0.679720 0.048127 0.868372 0.730391 # Feature 2
0.687771 0.373259 0.371670 0.663645 # Feature 3
0.885499 0.586742 0.364694 0.406085 # Feature 4
0.074557 0.075646 0.387668 0.531298 # Feature 5
0.530090 0.229013 0.019601 0.439384 # Feature 6
0.726733 0.208291 0.749222 0.166750 # Feature 7
0.575130 0.211249 0.463603 0.769233 # Feature 8
0.500986 0.067848 0.329472 0.430096 # Feature 9
0.618497 0.083210 0.503956 0.994747 # Feature 10
0.709054 0.062870 0.660779 0.710643 # Feature 11
0.782565 0.561767 0.616937 0.851959 # Feature 12
267 #numLeaves
133 1 2
309 1 0
317 1 0
327 2 0
385 2 3
387 1 1
394 1 0
397 1 0
399 2 0
401 1 1
403 1 0
409 1 0
417 9 3
419 2 1
421 5 1
423 1 0
429 1 0
433 9 0
435 2 0
437 1 1
441 3 0
445 1 0
461 1 0
657 1 0
663 1 0
855 1 0
907 2 0
911 1 0
912 1 0
913 1 0
914 1 0
915 1 0
929 1 1
945 1 1
989 1 0
1046 1 0
1153 1 0
1158 1 0
1174 1 0
1413 1 0
1423 1 0
1427 2 0
1439 1 0
1455 1 0
1935 1 0
1939 1 0
1943 1 0
1951 1 2
2433 1 0
2465 1 0
2481 4 0
2977 1 0
3254 1 0
3255 1 0
3870 1 0
4137 2 0
4139 1 0
4141 1 0
4143 1 0
4225 1 3
4239 1 0
4256 1 2
4257 1 5
4259 2 1
4261 1 0
4263 1 1
4265 2 2
4271 2 0
4285 1 0
4483 1 1
4492 1 0
4493 1 1
4494 1 0
4495 2 0
4497 1 0
4510 1 0
4511 2 0
4512 1 1
4513 6 5
4514 1 0
4515 1 3
4517 2 0
4519 5 0
4521 6 2
4522 1 0
4523 3 1
4525 3 0
4526 2 0
4527 1 0
4529 4 1
4531 2 0
4537 3 0
4539 1 0
4572 1 0
4574 1 0
4575 1 0
4591 2 0
4606 1 0
4740 1 0
4750 1 0
4753 1 0
4775 1 0
4782 1 0
5003 1 0
5007 1 0
5022 1 0
5027 1 0
5029 1 0
5031 1 0
5032 1 0
5033 1 1
5035 1 0
5037 1 0
5038 1 0
5086 1 0
5118 2 0
5126 2 1
5127 5 1
5135 2 0
5142 2 1
5143 1 2
5153 1 0
5157 1 0
5161 1 0
5165 1 0
5174 1 1
5182 1 0
5183 1 0
5190 1 0
5191 1 0
5206 2 0
5251 1 1
5254 5 0
5255 6 1
5261 1 0
5262 6 1
5263 7 1
5270 3 1
5271 1 2
5275 1 0
5278 1 1
5279 1 2
5282 1 1
5294 1 0
5295 1 1
5302 2 0
5310 2 0
5330 1 0
5331 1 0
5335 2 0
5342 2 0
5343 3 1
5366 1 0
5383 1 1
5390 1 0
5391 1 0
5507 3 0
5509 1 0
5510 2 0
5511 2 1
5512 2 0
5514 1 0
5515 2 0
5516 1 1
5518 25 0
5519 47 1
5523 1 0
5527 1 0
5531 1 0
5534 2 0
5535 3 2
5539 2 1
5541 1 0
5543 1 0
5544 1 0
5545 1 0
5547 3 1
5549 1 0
5550 3 0
5551 7 1
5566 3 0
5567 4 0
5583 1 1
5598 1 0
5599 6 5
5631 3 2
5763 1 0
5766 2 1
5767 1 0
5774 1 0
5775 2 0
5790 2 2
5842 1 0
5846 1 0
5847 1 1
5886 1 0
6018 1 0
6019 1 0
6022 1 0
6023 2 0
6025 2 1
6026 1 0
6027 1 0
6029 1 1
6030 9 0
6031 16 0
6046 1 0
6047 5 6
6059 1 1
6063 2 2
6075 1 0
6103 1 0
6110 4 1
6142 1 0
6143 2 4
6145 1 0
6157 1 0
6280 1 0
6309 1 1
6313 1 0
6400 1 0
6561 1 0
6568 1 1
6574 1 0
6577 2 0
7175 5 2
7177 1 0
7181 1 0
7190 3 4
7198 2 0
7207 1 0
7239 1 0
7254 2 1
7255 4 1
7262 1 2
7271 1 0
7286 2 2
7302 3 4
7303 4 4
7310 1 3
7311 3 3
7318 2 4
7319 2 4
7326 2 7
7337 1 0
7351 1 3
7414 1 0
7422 1 5
7439 1 0
7559 1 0
7564 1 0
7566 3 3
7567 1 3
7582 1 0
7583 1 0
7598 1 0
7599 1 0
7614 3 0
7615 3 1
7631 1 0
7822 1 2
7823 1 0
7871 1 1
8078 2 1
8094 2 2
8095 3 1
8127 1 0
#Tree 6
0.876326 0.416612 0.994392 0.751598 # Feature 0
0.103922 0.622708 0.854273 0.763145 # Feature 1
0.172256 0.113940 0.992885 0.414314 # Feature 2
0.380143 0.062501 0.450931 0.789566 # Feature 3
0.228458 0.697292 0.386877 0.247649 # Feature 4
0.231502 0.849283 0.902588 0.803928 # Feature 5
0.613534 0.663458 0.738469 0.452902 # Feature 6
0.931007 0.436138 0.171790 0.273069 # Feature 7
0.465220 0.955457 0.369525 0.607398 # Feature 8
0.533230 0.999677 0.575270 0.555215 # Feature 9
0.505000 0.540809 0.380896 0.724384 # Feature 10
0.729940 0.104473 0.885740 0.639572 # Feature 11
0.287519 0.332947 0.834822 0.860170 # Feature 12
382 #numLeaves
36 1 0
164 1 0
292 3 0
352 1 0
356 4 0
375 1 0
376 1 0
389 1 0
421 1 0
486 1 0
502 1 0
611 1 0
624 1 0
642 1 0
770 1 0
771 1 0
802 1 0
804 2 0
806 2 1
850 1 0
866 1 0
870 1 0
883 1 0
962 1 0
1093 1 0
1284 1 0
1348 1 0
1380 1 0
1409 1 0
1412 1 0
1537 1 0
1792 1 0
1794 1 0
1797 2 0
1802 1 0
1830 1 0
1860 1 0
1892 1 0
1894 1 0
1924 1 0
1937 2 0
2213 3 0
2251 3 0
2339 1 0
2340 2 0
2374 1 0
2400 1 0
2401 1 0
2405 1 0
2433 2 0
2436 2 0
2465 1 0
2468 2 0
2469 2 0
2473 1 0
2496 1 0
2532 1 0
2533 1 0
2544 1 0
2563 2 0
2571 1 0
2627 4 1
2631 1 0
2675 1 0
2679 1 0
2691 1 0
2695 1 0
2699 1 0
2706 1 0
2707 2 0
2711 4 0
2725 1 0
2727 1 1
2734 1 0
2743 1 0
2753 1 0
2755 1 0
2763 1 0
2771 1 0
2818 1 0
2819 1 0
2820 1 0
2832 1 0
2848 2 0
2852 1 0
2855 1 0
2867 1 0
2874 1 1
2881 2 0
2882 1 0
2883 1 0
2884 2 0
2887 1 0
2894 1 0
2896 1 0
2898 1 0
2944 2 0
2945 1 0
2947 1 0
2953 1 0
2977 1 0
2980 1 1
3008 1 0
3009 1 0
3010 1 0
3011 1 0
3012 1 0
3017 1 0
3026 2 0
3030 1 0
3034 1 0
3035 1 1
3039 1 0
3040 1 0
3041 1 1
3043 1 0
3058 1 0
3061 2 0
3066 1 0
3070 1 0
3267 2 1
3364 1 0
3392 1 0
3396 1 0
3456 1 0
3457 1 1
3465 1 1
3468 1 0
3472 1 0
3480 2 3
3492 1 0
3494 1 0
3520 3 0
3521 1 3
3524 4 0
3525 1 1
3536 1 1
3537 1 2
3544 1 0
3545 1 3
3548 1 1
3557 1 0
3585 1 0
3587 1 0
3649 1 0
3650 1 0
3651 1 2
3659 2 1
3713 5 3
3715 4 6
3717 3 0
3719 1 2
3721 1 1
3723 1 1
3731 2 0
3735 4 1
3739 3 2
3743 1 0
3766 1 0
3777 2 4
3779 9 6
3781 2 5
3783 2 4
3785 4 5
3787 9 13
3790 1 0
3795 1 1
3799 1 0
3801 2 2
3803 3 3
3840 1 1
3843 2 1
3844 1 0
3846 1 0
3858 1 0
3861 1 0
3878 1 0
3904 1 0
3906 1 0
3907 1 0
3908 4 0
3909 2 0
3910 1 0
3914 1 0
3938 1 0
3968 1 0
3969 4 1
3973 3 2
3975 1 1
3977 1 1
3978 1 0
3979 1 1
3985 1 0
3986 1 0
3987 1 1
3990 1 0
3992 1 0
3993 3 2
3994 1 0
3995 1 0
4001 1 0
4022 1 0
4029 1 0
4032 3 0
4033 8 4
4034 3 0
4035 5 5
4036 1 0
4037 2 1
4038 2 0
4039 1 2
4040 1 0
4042 1 0
4043 1 2
4048 2 0
4049 1 1
4050 1 0
4056 4 2
4057 4 2
4058 2 0
4059 1 1
4062 1 1
4063 1 0
4134 1 0
4388 1 0
4396 1 0
4630 1 0
4675 1 0
4699 1 0
4705 1 0
4707 1 0
4709 1 0
4716 1 0
4723 1 0
4806 1 0
4896 1 1
4898 2 1
4899 1 1
4922 1 0
4930 1 0
4954 1 0
4962 3 0
4966 2 0
4968 2 0
4982 1 0
4998 1 0
5058 1 0
5090 1 0
5094 1 0
5106 1 0
5222 1 0
5412 1 0
5474 1 0
5478 1 0
5698 2 0
5734 1 0
5738 1 0
5894 1 0
5924 1 0
5942 1 0
5954 1 0
5955 1 0
5956 1 1
5958 2 0
5986 1 0
5990 1 0
5994 1 0
6130 1 0
6180 1 0
6433 1 0
6437 1 0
6503 1 0
6528 2 0
6561 3 0
6565 1 0
6567 2 0
6678 1 0
6723 1 0
6727 1 0
6753 2 0
6758 1 0
6771 1 0
6775 1 0
6779 1 0
6782 1 0
6806 1 0
6885 1 1
6896 1 0
6920 1 0
6946 1 0
6950 1 0
6963 1 0
6976 1 0
6978 1 0
6979 1 0
6994 2 0
7002 1 0
7010 1 0
7011 1 0
7012 1 0
7031 1 0
7038 1 0
7072 1 0
7074 1 0
7075 1 0
7078 1 2
7108 1 0
7138 1 0
7142 1 1
7146 1 0
7154 1 0
7162 1 0
7361 2 0
7363 3 1
7553 1 1
7569 1 0
7572 1 0
7576 2 1
7578 2 2
7579 2 1
7600 1 0
7605 1 0
7609 1 0
7613 1 0
7620 1 0
7625 1 2
7687 1 1
7719 1 0
7747 1 1
7758 1 0
7770 1 0
7811 1 6
7815 1 4
7819 2 4
7835 1 1
7873 3 3
7875 4 6
7881 2 3
7883 6 2
7886 1 0
7887 1 0
7889 1 0
7891 1 0
7897 2 1
7898 1 0
7899 1 0
7938 1 0
8002 1 0
8003 2 0
8006 2 0
8016 1 0
8034 1 0
8038 1 0
8065 1 4
8066 1 0
8067 1 3
8068 1 0
8069 1 0
8075 1 0
8081 1 1
8083 1 1
8089 2 2
8091 1 1
8094 1 0
8097 1 0
8117 1 0
8128 2 0
8129 1 1
8130 1 0
8131 2 1
8132 2 0
8133 1 1
8137 1 3
8138 1 0
8139 2 1
8143 1 0
8144 3 0
8146 1 0
8148 1 0
8152 1 0
8153 2 2
8154 1 0
#Tree 7
0.869593 0.256493 0.871668 0.117701 # Feature 0
0.192914 0.305698 0.859094 0.796018 # Feature 1
0.674653 0.900227 0.112347 0.221748 # Feature 2
0.915445 0.880067 0.285789 0.257320 # Feature 3
0.771159 0.861763 0.644237 0.684291 # Feature 4
0.882928 0.369671 0.066247 0.417820 # Feature 5
0.301778 0.980467 0.702029 0.007365 # Feature 6
0.783108 0.703318 0.672688 0.870522 # Feature 7
0.869669 0.524435 0.177187 0.980344 # Feature 8
0.642137 0.393063 0.217912 0.447246 # Feature 9
0.868569 0.031640 0.773726 0.009820 # Feature 10
0.042467 0.744825 0.278844 0.523352 # Feature 11
0.969781 0.102328 0.819686 0.470454 # Feature 12
283 #numLeaves
33 1 0
43 1 0
49 1 0
55 1 0
59 2 0
103 2 0
111 1 0
161 1 0
163 1 0
177 1 0
179 1 0
183 1 0
187 2 1
191 1 0
315 1 0
359 2 0
435 1 0
523 1 0
547 3 0
555 12 0
559 1 0
563 1 0
567 3 0
611 1 0
615 1 0
619 2 0
623 3 0
647 1 0
667 1 0
675 3 0
679 1 0
683 1 3
687 1 0
690 1 0
691 3 0
694 1 0
695 1 0
698 1 1
699 4 2
703 2 1
751 1 0
799 1 0
803 2 0
811 1 0
815 1 0
819 2 0
823 1 0
827 2 0
831 5 0
875 1 0
879 2 0
907 1 1
931 1 0
935 1 0
946 2 0
947 1 1
949 1 0
951 2 0
955 1 2
958 1 0
959 3 1
1087 1 0
1123 1 0
1399 1 0
1527 1 0
1571 2 0
1591 1 0
1639 1 0
1699 2 0
1703 1 0
1723 1 1
1727 1 0
1811 1 0
1837 1 0
1845 1 0
1847 1 0
1939 1 0
1959 3 0
1967 3 0
1971 1 0
1975 1 0
1979 3 1
1983 1 0
2049 8 10
2051 1 3
2053 8 6
2055 5 2
2065 1 2
2067 1 1
2069 3 1
2080 1 3
2081 30 12
2083 17 8
2085 18 6
2087 12 4
2091 4 0
2095 1 0
2096 2 2
2097 11 3
2098 1 1
2099 10 1
2101 9 3
2103 1 1
2113 1 3
2148 1 1
2149 1 6
2151 3 3
2155 1 0
2159 1 0
2209 1 0
2213 1 0
2219 1 5
2227 1 4
2229 1 1
2231 1 0
2307 2 6
2309 3 2
2311 2 3
2315 1 1
2327 1 0
2336 1 2
2337 10 6
2339 4 4
2341 5 0
2343 2 2
2347 1 0
2353 3 1
2354 1 1
2355 3 2
2357 1 0
2359 1 0
2368 1 1
2369 1 2
2371 2 1
2372 1 0
2373 2 2
2374 1 0
2401 1 2
2403 1 2
2405 1 1
2407 1 1
2411 1 0
2467 1 1
2479 1 0
2485 1 2
2487 2 0
2563 1 0
2583 1 0
2593 4 1
2594 1 0
2595 7 0
2599 3 0
2603 5 0
2607 1 0
2609 1 0
2611 5 0
2615 2 0
2622 1 0
2657 1 0
2659 1 1
2663 2 0
2671 2 0
2679 1 0
2709 1 0
2715 1 0
2721 1 0
2727 2 0
2735 1 0
2739 3 0
2743 1 0
2751 1 0
2819 1 0
2831 1 0
2841 1 0
2849 1 0
2851 2 1
2855 2 1
2859 4 0
2863 1 0
2867 2 0
2869 1 0
2879 1 0
2919 1 1
2991 1 0
2998 1 0
3002 2 0
3003 1 0
3006 1 0
3299 1 0
4159 1 0
4161 1 0
4261 1 0
4643 1 0
4651 1 0
4719 1 0
4779 1 0
4795 1 0
4799 1 0
4903 1 0
4927 1 0
4942 1 0
5026 1 0
5042 1 0
5043 1 0
5051 1 0
5311 1 0
6041 1 0
6145 1 0
6146 1 0
6149 1 0
6167 1 0
6176 2 1
6177 4 2
6179 3 1
6183 1 0
6187 1 0
6193 4 2
6195 2 0
6197 1 2
6199 1 2
6211 1 3
6212 1 1
6213 2 2
6241 1 2
6242 1 2
6243 1 1
6244 1 6
6245 1 1
6247 1 2
6256 1 2
6261 2 0
6271 1 0
6309 1 0
6315 1 0
6325 1 0
6327 1 1
6330 1 0
6331 1 1
6375 1 0
6391 1 0
6395 1 0
6403 1 1
6405 1 1
6407 1 0
6431 1 0
6432 1 1
6433 2 1
6435 1 0
6443 1 0
6448 1 0
6455 1 0
6465 2 1
6467 1 1
6497 1 0
6499 1 1
6527 1 0
6531 1 0
6567 1 0
6575 1 0
6579 1 0
6582 1 0
6627 1 0
6654 1 0
6691 1 0
6695 1 0
6735 1 0
6755 1 0
6757 1 0
6759 4 1
6817 1 0
6827 1 0
6834 1 0
6835 1 0
6846 1 0
6943 1 0
6963 1 0
6965 1 0
7011 3 1
7014 3 5
7015 2 5
7019 1 0
7091 1 0
7099 1 0
#Tree 8
0.926986 0.854907 0.426604 0.934753 # Feature 0
0.387852 0.632231 0.906357 0.147352 # Feature 1
0.540272 0.343122 0.859704 0.037949 # Feature 2
0.811880 0.271485 0.855588 0.870384 # Feature 3
0.540878 0.534808 0.524330 0.423039 # Feature 4
0.021274 0.554457 0.763045 0.498689 # Feature 5
0.467937 0.617603 0.046054 0.032396 # Feature 6
0.486974 0.571333 0.395105 0.522923 # Feature 7
0.772503 0.453133 0.808895 0.094785 # Feature 8
0.052884 0.826935 0.303686 0.042691 # Feature 9
0.506413 0.285959 0.109358 0.982687 # Feature 10
0.019645 0.173411 0.524346 0.675855 # Feature 11
0.086445 0.873180 0.538257 0.478759 # Feature 12
184 #numLeaves
131 17 5
135 1 2
139 3 1
143 3 1
163 7 2
171 1 0
175 1 0
179 1 0
199 1 0
387 6 1
390 1 1
391 3 0
395 2 1
399 1 0
419 13 4
423 2 0
427 3 1
431 4 0
439 1 0
449 1 0
451 1 0
643 6 5
647 1 2
651 4 3
655 1 1
659 2 1
667 1 0
671 1 0
675 3 2
803 1 0
899 9 5
903 1 3
907 1 0
911 2 0
931 7 2
935 3 3
939 2 1
943 3 2
947 2 3
955 1 1
1167 1 0
1423 1 0
2179 3 5
2181 1 0
2183 1 0
2187 1 1
2195 5 7
2211 3 1
2227 3 0
2245 1 0
2247 1 1
2435 2 3
2438 1 1
2439 1 1
2451 3 4
2467 2 1
2483 1 1
2491 2 1
2691 2 5
2707 1 1
2723 1 1
2739 2 0
2947 4 3
2951 3 0
2955 1 2
2959 1 0
2963 3 3
2966 1 0
2967 1 0
2971 1 1
2979 2 1
2987 1 1
2995 4 1
3003 1 1
3475 1 7
3507 2 1
3515 1 1
3715 1 4
3739 3 4
3763 1 0
3987 1 2
3995 1 1
4011 1 0
4019 4 1
4027 2 3
4051 1 0
4107 1 0
4227 27 10
4231 1 2
4235 8 4
4239 4 0
4243 1 0
4247 1 0
4251 1 1
4255 1 0
4258 1 0
4259 16 0
4267 4 0
4271 1 0
4275 1 0
4283 1 0
4287 2 0
4482 1 0
4483 9 2
4486 2 1
4487 6 1
4491 3 2
4495 3 0
4499 1 1
4503 2 0
4507 2 0
4511 2 0
4515 20 1
4518 2 0
4519 3 1
4523 16 1
4527 1 0
4531 2 0
4535 1 0
4539 6 1
4543 1 0
4611 2 0
4619 2 1
4643 4 2
4659 1 0
4738 1 1
4739 14 4
4746 1 0
4747 3 1
4755 1 0
4763 1 0
4771 19 1
4779 7 3
4787 1 0
4873 3 0
4899 1 0
4903 1 1
4972 1 0
4995 11 2
4999 6 2
5003 5 2
5011 2 0
5015 1 0
5019 1 0
5027 21 1
5031 4 1
5035 9 1
5043 3 1
6283 2 4
6291 1 2
6295 2 0
6307 2 1
6326 1 0
6530 1 1
6535 3 1
6539 1 1
6543 1 0
6546 1 1
6547 1 0
6550 1 0
6551 4 0
6555 1 1
6562 2 0
6563 3 1
6567 1 0
6578 1 0
6579 1 0
6806 1 2
6811 1 0
6819 1 0
6834 1 0
7043 1 0
7059 3 0
7063 4 0
7075 2 0
7079 1 0
7095 1 0
7099 1 0
7303 1 2
7575 1 0
7699 2 0
7826 1 0
8083 3 0
8119 1 1
#Tree 9
0.506533 0.299840 0.413003 0.344194 # Feature 0
0.871592 0.838942 0.102172 0.196499 # Feature 1
0.555389 0.424330 0.714240 0.233339 # Feature 2
0.727394 0.302702 0.508484 0.092124 # Feature 3
0.325341 0.998453 0.999447 0.711751 # Feature 4
0.399947 0.915277 0.068585 0.703079 # Feature 5
0.646217 0.966967 0.821533 0.497814 # Feature 6
0.752719 0.952958 0.363210 0.467853 # Feature 7
0.199519 0.319607 0.637252 0.293620 # Feature 8
0.877285 0.523256 0.367778 0.237859 # Feature 9
0.699470 0.999001 0.202858 0.442180 # Feature 10
0.722977 0.079263 0.168652 0.539282 # Feature 11
0.715610 0.251904 0.750680 0.674102 # Feature 12
374 #numLeaves
10 1 0
11 1 0
14 1 0
16 2 3
18 1 0
25 1 0
26 2 1
30 1 0
31 1 0
42 2 0
43 1 0
44 1 0
46 1 0
47 1 0
48 1 1
49 1 1
50 1 0
58 1 0
62 1 0
63 1 0
74 1 0
79 1 0
80 1 2
87 1 0
115 2 1
126 1 1
143 1 0
144 2 0
145 1 0
146 1 0
147 2 2
179 1 0
243 1 0
257 1 1
267 1 2
270 1 0
272 8 8
273 3 6
274 2 2
279 1 0
286 1 0
299 1 0
305 3 0
307 1 0
321 2 4
337 1 5
369 1 0
371 1 1
375 1 0
400 1 3
401 1 1
402 2 0
466 1 0
467 1 0
478 1 0
497 1 0
499 1 1
520 1 0
522 1 0
523 1 0
525 1 0
527 1 0
536 4 1
537 2 0
554 1 0
558 1 0
568 1 2
569 1 0
627 1 0
776 2 0
792 1 1
793 1 3
810 2 0
845 1 0
856 1 1
920 2 1
985 1 0
1034 2 1
1040 7 6
1041 4 5
1042 4 1
1048 2 1
1049 1 0
1050 4 1
1051 1 1
1054 1 0
1066 2 0
1070 1 0
1072 3 1
1073 2 0
1074 1 0
1080 2 2
1082 2 0
1086 1 0
1098 1 0
1102 1 0
1104 1 3
1106 6 1
1107 1 0
1108 1 0
1110 2 0
1114 2 0
1118 2 0
1124 1 0
1134 1 0
1136 1 1
1138 1 0
1146 2 0
1150 1 0
1168 3 0
1170 1 0
1178 2 0
1202 2 0
1274 1 0
1294 1 0
1296 6 11
1298 4 2
1304 2 4
1306 1 0
1320 1 0
1328 4 4
1330 2 0
1336 1 2
1344 1 0
1360 4 8
1362 2 0
1364 1 0
1370 1 0
1392 2 3
1394 1 0
1401 1 0
1424 5 5
1426 6 1
1434 1 0
1456 1 0
1458 1 0
1488 4 5
1490 4 1
1522 1 0
1536 1 0
1542 1 0
1544 3 0
1545 1 0
1546 1 0
1548 1 0
1550 1 0
1553 2 1
1560 1 1
1561 2 0
1562 2 0
1564 1 0
1570 1 0
1580 1 0
1582 2 0
1592 1 2
1598 1 0
1612 1 0
1644 1 0
1646 1 0
1656 1 0
1658 1 0
1688 1 0
1690 1 0
1806 1 0
1822 1 0
1838 1 0
1880 2 0
1912 1 1
1944 1 0
1964 1 0
2040 1 0
2059 1 1
2063 1 1
2074 1 0
2075 1 0
2077 1 0
2091 1 0
2094 2 0
2098 1 0
2291 1 0
2315 1 1
2319 1 0
2570 2 0
2571 1 0
2584 1 0
2586 1 0
2587 1 0
2600 3 0
2604 1 0
2606 1 0
2619 2 0
2622 1 0
2746 1 0
3082 1 0
3090 1 1
3096 1 1
3098 1 0
3103 1 0
3114 1 0
3118 1 0
3122 1 0
3130 1 0
3154 1 0
3162 1 0
3166 1 0
3178 1 0
3184 1 0
3186 1 0
3194 1 0
3242 1 0
3608 1 0
3610 1 0
3658 1 0
3694 1 0
4097 1 0
4106 1 0
4109 1 0
4111 1 0
4112 1 0
4113 3 1
4114 1 1
4120 1 0
4121 1 1
4123 1 3
4127 1 0
4143 1 0
4144 1 1
4145 1 0
4146 1 0
4147 1 1
4151 2 0
4159 1 0
4184 1 0
4209 3 2
4211 1 0
4214 1 1
4215 1 0
4223 1 0
4239 1 0
4275 1 0
4337 1 0
4339 1 0
4347 1 0
4367 1 0
4368 1 1
4369 1 4
4375 1 0
4377 1 1
4402 1 0
4432 1 1
4433 1 3
4439 1 0
4440 1 0
4464 3 2
4465 1 0
4466 1 0
4467 2 0
4471 1 0
4608 1 0
4616 2 1
4617 3 0
4621 1 0
4624 1 0
4625 3 1
4632 4 0
4633 12 2
4634 1 0
4635 1 0
4645 1 0
4649 1 1
4650 1 0
4651 1 0
4659 1 0
4664 2 0
4665 1 0
4667 1 0
4696 1 0
4713 1 0
4728 1 0
4731 1 0
4761 1 0
4787 1 0
4793 1 1
4857 1 0
4873 3 0
4881 1 1
4889 3 1
4895 1 0
4909 1 0
4920 1 0
4921 1 0
4953 2 0
5016 1 0
5081 1 0
5113 1 0
5128 1 0
5130 1 0
5136 2 2
5137 1 1
5138 3 0
5144 2 1
5146 1 0
5164 1 0
5168 3 0
5170 2 0
5178 1 0
5200 1 2
5202 2 0
5232 1 0
5234 1 0
5266 1 0
5274 2 0
5298 1 0
5306 1 0
5330 1 0
5386 1 0
5392 3 1
5402 1 0
5424 1 0
5425 1 0
5426 1 0
5432 1 0
5433 1 0
5458 1 1
5464 2 1
5489 1 0
5490 1 0
5498 1 0
5522 1 0
5528 1 0
5530 1 0
5562 1 0
5616 1 0
5618 1 0
5636 1 0
5640 2 0
5656 1 0
5657 7 0
5669 1 0
5688 2 0
5742 1 0
5897 1 0
5898 1 0
5902 1 0
5912 1 1
5913 2 2
5944 2 1
5945 1 1
6073 1 0
6092 1 0
6104 1 0
6128 2 0
6154 1 0
6174 1 0
6225 1 0
6259 1 0
6387 1 0
6527 1 0
6665 1 1
6681 3 0
6697 1 0
6699 1 2
6707 1 0
6712 1 1
6713 1 0
6939 1 0
6969 1 0
7208 1 0
7216 1 0
7218 1 0
7248 1 0
7250 1 0
7280 2 0
7720 1 0
